1069.6128	4.274e4
1069.6194	4.398e4
1069.6261	3.550e4
1069.6328	3.546e4
1069.6395	3.567e4
1069.6462	4.233e4
1069.6528	4.219e4
1069.6595	3.742e4
1069.6663	3.718e4
1069.6730	4.724e4
1069.6797	4.101e4
1069.6864	4.217e4
1069.6930	4.135e4
1069.6997	4.731e4
1069.7064	4.036e4
1069.7131	4.679e4
1069.7198	4.585e4
1069.7264	4.992e4
1069.7332	4.846e4
1069.7399	4.890e4
1069.7466	4.663e4
1069.7533	4.437e4
1069.7600	4.646e4
1069.7666	6.291e4
1069.7733	6.339e4
1069.7800	7.248e4
1069.7867	6.964e4
1069.7935	7.322e4
1069.8000	7.618e4
1069.8068	1.033e5
1069.8135	9.038e4
1069.8202	1.032e5
1069.8269	1.067e5
1069.8336	1.067e5
1069.8402	1.082e5
1069.8469	1.042e5
1069.8536	9.014e4
1069.8604	8.425e4
1069.8671	8.108e4
1069.8738	7.634e4
1069.8805	6.786e4
1069.8872	6.460e4
1069.8939	6.184e4
1069.9006	5.425e4
1069.9073	4.814e4
1069.9139	6.053e4
1069.9207	4.298e4
1069.9274	4.841e4
1069.9341	4.340e4
1069.9408	5.087e4
1069.9474	4.107e4
1069.9541	4.332e4
1069.9608	4.613e4
1069.9675	5.964e4
1069.9742	4.363e4
1069.9810	5.258e4
1069.9875	4.353e4
1069.9943	4.412e4
1070.0010	4.519e4
1070.0077	4.850e4
1070.0144	4.749e4
1070.0210	5.574e4
1070.0277	4.381e4
1070.0344	5.067e4
1070.0411	4.686e4
1070.0479	6.501e4
1070.0546	6.064e4
1070.0612	5.433e4
1070.0679	5.035e4
1070.0746	5.820e4
1070.0813	5.988e4
1070.0880	6.886e4
1070.0947	6.637e4
1070.1013	6.480e4
1070.1080	6.813e4
1070.1147	7.681e4
1070.1215	7.745e4
1070.1282	9.207e4
1070.1348	1.015e5
1070.1415	1.223e5
1070.1482	1.326e5
1070.1549	1.455e5
1070.1616	1.351e5
1070.1683	1.355e5
1070.1749	1.220e5
1070.1816	1.174e5
1070.1884	1.124e5
1070.1951	9.578e4
1070.2018	9.030e4
1070.2085	8.949e4
1070.2151	6.294e4
1070.2218	6.518e4
1070.2285	5.768e4
1070.2352	5.736e4
1070.2419	5.605e4
1070.2487	5.270e4
1070.2552	4.725e4
1070.2620	4.942e4
1070.2687	4.137e4
1070.2754	4.849e4
1070.2821	4.425e4
1070.2888	5.110e4
1070.2954	3.912e4
1070.3021	4.003e4
1070.3088	4.761e4
1070.3156	4.491e4
1070.3223	4.925e4
1070.3290	5.695e4
1070.3356	4.565e4
1070.3423	4.856e4
1070.3490	5.250e4
1070.3558	5.120e4
1070.3625	4.128e4
1070.3691	4.965e4
1070.3759	4.577e4
1070.3826	5.500e4
1070.3893	5.392e4
1070.3960	6.716e4
1070.4027	6.719e4
1070.4093	7.747e4
1070.4160	8.491e4
1070.4227	9.603e4
1070.4294	1.138e5
1070.4362	1.366e5
1070.4429	1.567e5
1070.4495	1.818e5
1070.4562	2.088e5
1070.4629	2.364e5
1070.4696	2.450e5
1070.4763	2.587e5
1070.4830	2.735e5
1070.4896	2.755e5
1070.4963	2.442e5
1070.5031	2.254e5
1070.5098	1.813e5
1070.5165	1.688e5
1070.5232	1.395e5
1070.5299	1.349e5
1070.5365	1.151e5
1070.5432	9.871e4
1070.5499	7.357e4
1070.5566	7.048e4
1070.5634	5.856e4
1070.5701	5.633e4
1070.5767	4.851e4
1070.5834	5.225e4
1070.5901	4.548e4
1070.5968	5.213e4
1070.6035	4.659e4
1070.6102	4.619e4
1070.6168	4.497e4
1070.6235	4.801e4
1070.6302	4.399e4
1070.6370	4.686e4
1070.6437	4.248e4
1070.6504	4.238e4
1070.6570	4.735e4
1070.6637	5.246e4
1070.6704	4.926e4
1070.6771	4.980e4
1070.6838	4.142e4
1070.6906	5.237e4
1070.6971	5.442e4
1070.7039	5.781e4
1070.7106	5.666e4
1070.7173	7.026e4
1070.7240	7.390e4
1070.7307	9.059e4
1070.7373	8.595e4
1070.7440	1.012e5
1070.7507	1.121e5
1070.7574	1.349e5
1070.7642	1.586e5
1070.7709	1.922e5
1070.7776	2.200e5
1070.7842	2.680e5
1070.7909	3.151e5
1070.7976	3.579e5
1070.8043	3.598e5
1070.8110	4.019e5
1070.8177	3.805e5
1070.8243	3.818e5
1070.8311	3.509e5
1070.8379	3.039e5
1070.8446	2.612e5
1070.8513	2.110e5
1070.8580	1.726e5
1070.8647	1.426e5
1070.8713	1.181e5
1070.8781	1.028e5
1070.8848	8.319e4
1070.8915	6.988e4
1070.8982	6.450e4
1070.9049	5.886e4
1070.9115	5.763e4
1070.9182	6.102e4
1070.9249	4.925e4
1070.9316	5.272e4
1070.9384	4.309e4
1070.9451	4.807e4
1070.9518	5.179e4
1070.9584	5.158e4
1070.9651	5.207e4
1070.9718	4.917e4
1070.9785	4.826e4
1070.9852	5.799e4
1070.9919	5.310e4
1070.9985	4.833e4
1071.0052	4.558e4
1071.0120	5.777e4
1071.0187	5.533e4
1071.0254	6.650e4
1071.0321	6.926e4
1071.0388	7.461e4
1071.0454	7.345e4
1071.0521	8.868e4
1071.0588	9.288e4
1071.0656	1.030e5
1071.0723	1.108e5
1071.0790	1.271e5
1071.0856	1.395e5
1071.0923	1.782e5
1071.0990	2.031e5
1071.1057	2.560e5
1071.1124	3.018e5
1071.1191	3.342e5
1071.1259	3.759e5
1071.1324	4.183e5
1071.1392	4.577e5
1071.1459	4.683e5
1071.1526	4.336e5
1071.1593	4.260e5
1071.1660	3.698e5
1071.1727	3.382e5
1071.1793	2.625e5
1071.1860	2.186e5
1071.1927	1.682e5
1071.1995	1.491e5
1071.2062	1.297e5
1071.2129	1.139e5
1071.2196	9.727e4
1071.2262	9.425e4
1071.2329	7.864e4
1071.2396	7.134e4
1071.2463	7.061e4
1071.2531	6.578e4
1071.2598	6.007e4
1071.2664	6.156e4
1071.2731	5.790e4
1071.2798	5.125e4
1071.2865	5.485e4
1071.2932	6.931e4
1071.2999	5.798e4
1071.3066	6.507e4
1071.3132	6.540e4
1071.3201	6.951e4
1071.3268	6.428e4
1071.3335	7.602e4
1071.3402	6.997e4
1071.3469	7.623e4
1071.3536	7.885e4
1071.3602	8.529e4
1071.3669	7.663e4
1071.3737	8.748e4
1071.3804	8.454e4
1071.3871	9.639e4
1071.3938	1.027e5
1071.4005	1.032e5
1071.4071	1.175e5
1071.4138	1.416e5
1071.4205	1.551e5
1071.4272	1.783e5
1071.4340	2.093e5
1071.4407	2.573e5
1071.4474	2.938e5
1071.4540	3.338e5
1071.4607	3.857e5
1071.4674	4.243e5
1071.4741	4.301e5
1071.4808	4.432e5
1071.4875	4.213e5
1071.4943	3.953e5
1071.5010	3.357e5
1071.5076	3.084e5
1071.5143	2.599e5
1071.5210	2.418e5
1071.5277	1.943e5
1071.5344	1.773e5
1071.5411	1.388e5
1071.5479	1.332e5
1071.5544	1.076e5
1071.5612	1.046e5
1071.5679	9.903e4
1071.5746	9.422e4
1071.5813	8.488e4
1071.5880	9.551e4
1071.5947	9.575e4
1071.6013	1.008e5
1071.6080	9.338e4
1071.6147	1.038e5
1071.6215	1.107e5
1071.6282	1.239e5
1071.6349	1.230e5
1071.6416	1.405e5
1071.6482	1.588e5
1071.6549	1.742e5
1071.6616	1.808e5
1071.6683	2.093e5
1071.6750	2.267e5
1071.6818	2.685e5
1071.6885	3.241e5
1071.6952	3.766e5
1071.7018	4.547e5
1071.7085	5.340e5
1071.7152	6.145e5
1071.7219	6.852e5
1071.7286	7.983e5
1071.7354	9.204e5
1071.7421	1.053e6
1071.7487	1.288e6
1071.7554	1.678e6
1071.7621	2.202e6
1071.7688	3.000e6
1071.7755	4.463e6
1071.7822	6.258e6
1071.7889	8.836e6
1071.7957	1.095e7
1071.8024	1.279e7
1071.8091	1.254e7
1071.8158	1.100e7
1071.8225	8.318e6
1071.8292	6.125e6
1071.8359	3.985e6
1071.8427	2.900e6
1071.8492	1.899e6
1071.8560	1.378e6
1071.8627	9.849e5
1071.8694	7.603e5
1071.8761	5.682e5
1071.8828	4.478e5
1071.8895	3.565e5
1071.8962	2.767e5
1071.9028	2.065e5
1071.9095	1.799e5
1071.9163	1.560e5
1071.9230	1.352e5
1071.9297	1.294e5
1071.9364	1.367e5
1071.9431	1.448e5
1071.9498	1.655e5
1071.9564	1.704e5
1071.9631	1.822e5
1071.9698	1.939e5
1071.9766	2.080e5
1071.9833	2.179e5
1071.9900	2.457e5
1071.9967	2.671e5
1072.0034	3.066e5
1072.0100	3.426e5
1072.0167	3.893e5
1072.0234	4.664e5
1072.0302	5.516e5
1072.0369	6.496e5
1072.0436	7.329e5
1072.0503	8.215e5
1072.0570	9.376e5
1072.0636	1.061e6
1072.0703	1.225e6
1072.0770	1.394e6
1072.0837	1.642e6
1072.0905	2.014e6
1072.0972	2.830e6
1072.1039	4.012e6
1072.1106	6.387e6
1072.1172	9.833e6
1072.1239	1.530e7
1072.1306	2.079e7
1072.1373	2.392e7
1072.1440	2.310e7
1072.1508	1.843e7
1072.1575	1.275e7
1072.1642	8.409e6
1072.1708	5.063e6
1072.1775	3.340e6
1072.1842	2.152e6
1072.1909	1.615e6
1072.1976	1.159e6
1072.2043	9.352e5
1072.2111	7.374e5
1072.2178	5.777e5
1072.2244	4.613e5
1072.2311	3.789e5
1072.2378	3.072e5
1072.2445	2.338e5
1072.2512	1.962e5
1072.2579	2.017e5
1072.2646	1.701e5
1072.2714	1.827e5
1072.2780	1.780e5
1072.2848	1.991e5
1072.2915	2.049e5
1072.2982	2.117e5
1072.3049	2.158e5
1072.3116	2.315e5
1072.3184	2.525e5
1072.3251	2.654e5
1072.3318	2.656e5
1072.3384	3.102e5
1072.3451	3.441e5
1072.3518	3.750e5
1072.3585	4.376e5
1072.3652	5.225e5
1072.3719	6.092e5
1072.3787	7.221e5
1072.3854	8.583e5
1072.3920	9.629e5
1072.3987	1.108e6
1072.4054	1.240e6
1072.4121	1.428e6
1072.4188	1.676e6
1072.4255	2.086e6
1072.4323	3.072e6
1072.4390	4.299e6
1072.4457	6.928e6
1072.4523	1.079e7
1072.4590	1.607e7
1072.4657	2.146e7
1072.4724	2.412e7
1072.4791	2.251e7
1072.4858	1.763e7
1072.4926	1.169e7
1072.4993	7.719e6
1072.5060	4.579e6
1072.5126	3.126e6
1072.5193	2.014e6
1072.5260	1.519e6
1072.5327	1.092e6
1072.5394	8.846e5
1072.5461	6.803e5
1072.5529	5.451e5
1072.5596	4.264e5
1072.5663	3.251e5
1072.5729	2.582e5
1072.5796	2.105e5
1072.5863	1.772e5
1072.5930	1.743e5
1072.5997	1.625e5
1072.6064	1.687e5
1072.6132	1.745e5
1072.6199	1.835e5
1072.6266	1.887e5
1072.6332	1.951e5
1072.6399	1.918e5
1072.6466	2.101e5
1072.6533	2.114e5
1072.6600	2.136e5
1072.6667	2.223e5
1072.6735	2.519e5
1072.6802	2.714e5
1072.6869	3.336e5
1072.6935	3.648e5
1072.7002	4.378e5
1072.7069	5.267e5
1072.7136	6.086e5
1072.7203	7.478e5
1072.7271	8.614e5
1072.7338	9.899e5
1072.7405	1.133e6
1072.7472	1.299e6
1072.7538	1.592e6
1072.7605	1.975e6
1072.7673	2.774e6
1072.7740	3.996e6
1072.7808	6.297e6
1072.7875	9.021e6
1072.7942	1.251e7
1072.8009	1.519e7
1072.8076	1.645e7
1072.8142	1.457e7
1072.8209	1.169e7
1072.8276	8.060e6
1072.8344	5.550e6
1072.8411	3.437e6
1072.8478	2.380e6
1072.8545	1.559e6
1072.8612	1.190e6
1072.8679	8.766e5
1072.8746	6.943e5
1072.8812	5.546e5
1072.8879	4.235e5
1072.8947	3.347e5
1072.9014	2.658e5
1072.9081	2.080e5
1072.9148	1.812e5
1072.9215	1.654e5
1072.9282	1.543e5
1072.9349	1.421e5
1072.9417	1.515e5
1072.9482	1.450e5
1072.9550	1.507e5
1072.9617	1.610e5
1072.9684	1.630e5
1072.9751	1.702e5
1072.9818	1.772e5
1072.9885	1.852e5
1072.9952	1.966e5
1073.0020	1.969e5
1073.0085	2.088e5
1073.0153	2.173e5
1073.0220	2.459e5
1073.0287	2.615e5
1073.0354	2.989e5
1073.0421	3.527e5
1073.0488	4.279e5
1073.0555	4.912e5
1073.0623	6.231e5
1073.0690	7.053e5
1073.0756	8.121e5
1073.0823	9.693e5
1073.0890	1.227e6
1073.0957	1.585e6
1073.1024	2.191e6
1073.1091	2.884e6
1073.1158	4.294e6
1073.1226	5.532e6
1073.1293	7.282e6
1073.1360	8.139e6
1073.1427	8.576e6
1073.1493	7.534e6
1073.1560	6.362e6
1073.1627	4.565e6
1073.1694	3.399e6
1073.1761	2.192e6
1073.1829	1.577e6
1073.1896	1.068e6
1073.1963	8.155e5
1073.2030	5.867e5
1073.2097	4.585e5
1073.2163	3.702e5
1073.2230	2.984e5
1073.2297	2.300e5
1073.2365	2.072e5
1073.2432	1.592e5
1073.2500	1.467e5
1073.2567	1.393e5
1073.2634	1.233e5
1073.2701	1.079e5
1073.2769	1.064e5
1073.2836	1.032e5
1073.2902	9.759e4
1073.2969	9.687e4
1073.3036	1.047e5
1073.3103	1.055e5
1073.3170	1.087e5
1073.3237	1.011e5
1073.3304	1.023e5
1073.3372	1.079e5
1073.3439	1.199e5
1073.3506	1.225e5
1073.3572	1.327e5
1073.3639	1.550e5
1073.3706	1.750e5
1073.3773	2.082e5
1073.3840	2.677e5
1073.3907	3.061e5
1073.3975	3.659e5
1073.4042	4.154e5
1073.4109	5.277e5
1073.4176	6.430e5
1073.4243	8.093e5
1073.4309	9.959e5
1073.4376	1.343e6
1073.4443	1.786e6
1073.4510	2.323e6
1073.4578	2.771e6
1073.4645	3.430e6
1073.4712	3.608e6
1073.4779	3.737e6
1073.4846	3.315e6
1073.4913	2.956e6
1073.4980	2.263e6
1073.5048	1.739e6
1073.5114	1.206e6
1073.5181	9.055e5
1073.5248	6.366e5
1073.5315	4.797e5
1073.5382	3.471e5
1073.5449	2.665e5
1073.5516	1.949e5
1073.5583	1.603e5
1073.5651	1.171e5
1073.5718	1.168e5
1073.5785	9.705e4
1073.5851	8.110e4
1073.5918	7.622e4
1073.5985	7.675e4
1073.6052	7.065e4
1073.6119	7.422e4
1073.6187	6.492e4
1073.6254	7.853e4
1073.6321	7.594e4
1073.6388	7.372e4
1073.6455	6.965e4
1073.6522	8.133e4
1073.6589	8.121e4
1073.6655	7.968e4
1073.6722	7.382e4
1073.6790	8.390e4
1073.6857	9.585e4
1073.6924	9.512e4
1073.6991	1.048e5
1073.7058	1.274e5
1073.7125	1.398e5
1073.7192	1.596e5
1073.7260	1.883e5
1073.7328	2.209e5
1073.7395	2.528e5
1073.7461	3.135e5
1073.7528	3.619e5
1073.7595	4.484e5
1073.7662	5.704e5
1073.7729	7.284e5
1073.7797	8.689e5
1073.7864	1.079e6
1073.7931	1.277e6
1073.7998	1.467e6
1073.8065	1.508e6
1073.8132	1.545e6
1073.8199	1.379e6
1073.8265	1.238e6
1073.8333	9.832e5
1073.8400	7.838e5
1073.8467	5.917e5
1073.8534	4.443e5
1073.8601	3.147e5
1073.8668	2.640e5
1073.8735	1.959e5
1073.8802	1.742e5
1073.8870	1.337e5
1073.8937	1.083e5
1073.9004	8.444e4
1073.9071	8.409e4
1073.9137	7.454e4
1073.9204	7.259e4
1073.9271	7.333e4
1073.9338	8.313e4
1073.9406	6.908e4
1073.9473	7.202e4
1073.9540	7.234e4
1073.9607	7.153e4
1073.9674	6.237e4
1073.9741	7.555e4
1073.9808	6.885e4
1073.9875	8.043e4
1073.9943	8.002e4
1074.0009	7.495e4
1074.0076	7.128e4
1074.0143	8.470e4
1074.0210	7.847e4
1074.0277	8.217e4
1074.0344	8.304e4
1074.0411	9.776e4
1074.0479	9.990e4
1074.0546	1.246e5
1074.0613	1.394e5
1074.0680	1.564e5
1074.0747	1.802e5
1074.0814	2.241e5
1074.0880	2.480e5
1074.0947	3.120e5
1074.1014	3.850e5
1074.1082	4.768e5
1074.1149	5.614e5
1074.1216	6.904e5
1074.1283	7.972e5
1074.1350	9.289e5
1074.1417	9.889e5
1074.1484	1.015e6
1074.1552	9.796e5
1074.1619	9.268e5
1074.1686	7.897e5
1074.1753	6.921e5
1074.1819	5.464e5
1074.1886	4.305e5
1074.1953	3.146e5
1074.2020	2.661e5
1074.2089	1.935e5
1074.2156	1.568e5
1074.2223	1.341e5
1074.2290	1.073e5
1074.2357	8.855e4
1074.2424	7.643e4
1074.2491	7.184e4
1074.2559	7.111e4
1074.2626	6.871e4
1074.2693	7.659e4
1074.2760	6.422e4
1074.2826	6.011e4
1074.2893	5.907e4
1074.2960	7.358e4
1074.3027	6.760e4
1074.3094	7.712e4
1074.3162	7.581e4
1074.3229	7.326e4
1074.3296	6.937e4
1074.3363	7.302e4
1074.3430	7.009e4
1074.3497	8.265e4
1074.3564	7.758e4
1074.3632	8.480e4
1074.3699	8.882e4
1074.3766	1.011e5
1074.3832	9.266e4
1074.3899	1.130e5
1074.3966	1.228e5
1074.4033	1.433e5
1074.4100	1.651e5
1074.4167	1.923e5
1074.4235	2.279e5
1074.4302	2.655e5
1074.4369	3.109e5
1074.4436	3.960e5
1074.4503	4.871e5
1074.4570	5.929e5
1074.4637	6.615e5
1074.4705	8.079e5
1074.4772	8.698e5
1074.4838	9.844e5
1074.4905	9.550e5
1074.4972	9.471e5
1074.5039	7.963e5
1074.5106	7.242e5
1074.5173	5.697e5
1074.5240	4.683e5
1074.5308	3.502e5
1074.5375	2.893e5
1074.5442	2.166e5
1074.5509	1.757e5
1074.5576	1.416e5
1074.5643	1.113e5
1074.5710	9.324e4
1074.5778	8.418e4
1074.5845	8.034e4
1074.5911	7.741e4
1074.5978	7.194e4
1074.6045	8.230e4
1074.6112	7.503e4
1074.6179	7.210e4
1074.6246	7.204e4
1074.6313	7.696e4
1074.6381	7.292e4
1074.6448	7.920e4
1074.6515	7.247e4
1074.6582	7.613e4
1074.6649	7.725e4
1074.6716	7.255e4
1074.6783	7.169e4
1074.6851	7.641e4
1074.6919	8.007e4
1074.6986	7.147e4
1074.7052	7.510e4
1074.7119	8.886e4
1074.7186	8.888e4
1074.7253	9.432e4
1074.7321	9.949e4
1074.7388	1.220e5
1074.7455	1.371e5
1074.7522	1.620e5
1074.7589	1.897e5
1074.7656	2.316e5
1074.7723	2.639e5
1074.7791	3.236e5
1074.7858	4.002e5
1074.7925	5.053e5
1074.7992	5.932e5
1074.8059	7.448e5
1074.8126	7.742e5
1074.8193	8.492e5
1074.8259	8.348e5
1074.8326	8.249e5
1074.8394	7.172e5
1074.8461	6.477e5
1074.8528	5.245e5
1074.8595	4.252e5
1074.8662	3.325e5
1074.8729	2.578e5
1074.8796	1.954e5
1074.8864	1.591e5
1074.8931	1.261e5
1074.8998	1.086e5
1074.9065	8.607e4
1074.9132	8.182e4
1074.9199	7.138e4
1074.9266	7.395e4
1074.9333	6.708e4
1074.9401	7.286e4
1074.9468	6.316e4
1074.9534	6.955e4
1074.9601	7.159e4
1074.9668	7.105e4
1074.9735	6.822e4
1074.9802	7.412e4
1074.9869	7.555e4
1074.9937	7.169e4
1075.0004	7.272e4
1075.0071	8.488e4
1075.0138	7.342e4
1075.0205	7.821e4
1075.0272	7.651e4
1075.0339	8.104e4
1075.0406	7.853e4
1075.0474	9.095e4
1075.0541	8.447e4
1075.0608	9.354e4
1075.0675	9.474e4
1075.0742	1.046e5
1075.0809	1.200e5
1075.0876	1.417e5
1075.0942	1.561e5
1075.1010	1.892e5
1075.1077	2.093e5
1075.1144	2.696e5
1075.1211	3.314e5
1075.1278	3.950e5
1075.1345	4.339e5
1075.1412	5.281e5
1075.1479	5.789e5
1075.1547	6.201e5
1075.1614	5.934e5
1075.1681	5.914e5
1075.1749	5.377e5
1075.1816	4.651e5
1075.1884	3.722e5
1075.1951	3.013e5
1075.2018	2.437e5
1075.2085	2.038e5
1075.2152	1.568e5
1075.2219	1.400e5
1075.2286	1.058e5
1075.2352	1.016e5
1075.2419	9.380e4
1075.2487	8.117e4
1075.2554	6.759e4
1075.2621	6.935e4
1075.2688	6.459e4
1075.2755	6.471e4
1075.2822	6.255e4
1075.2889	7.029e4
1075.2957	6.558e4
1075.3024	6.309e4
1075.3091	6.074e4
1075.3158	6.249e4
1075.3225	5.595e4
1075.3292	6.106e4
1075.3359	7.050e4
1075.3427	6.946e4
1075.3494	6.217e4
1075.3561	6.904e4
1075.3628	6.409e4
1075.3695	6.074e4
1075.3762	6.942e4
1075.3829	8.082e4
1075.3896	7.492e4
1075.3962	8.350e4
1075.4030	8.348e4
1075.4097	9.794e4
1075.4164	1.041e5
1075.4231	1.241e5
1075.4298	1.299e5
1075.4365	1.556e5
1075.4432	1.741e5
1075.4500	2.121e5
1075.4567	2.320e5
1075.4634	2.917e5
1075.4701	3.210e5
1075.4768	3.524e5
1075.4835	3.896e5
1075.4902	4.160e5
1075.4969	4.005e5
1075.5037	3.780e5
1075.5104	3.348e5
1075.5171	3.100e5
1075.5238	2.512e5
1075.5305	2.082e5
1075.5372	1.722e5
1075.5439	1.509e5
1075.5507	1.227e5
1075.5574	1.070e5
1075.5641	8.509e4
1075.5708	8.116e4
1075.5774	8.559e4
1075.5841	8.540e4
1075.5908	7.465e4
1075.5975	7.136e4
1075.6042	7.263e4
1075.6110	6.391e4
1075.6177	6.559e4
1075.6244	7.111e4
1075.6311	7.028e4
1075.6378	6.670e4
1075.6445	5.689e4
1075.6512	6.074e4
1075.6581	6.192e4
1075.6648	7.488e4
1075.6715	7.183e4
1075.6782	7.177e4
1075.6849	8.256e4
1075.6917	7.928e4
1075.6984	7.926e4
1075.7051	1.018e5
1075.7118	1.064e5
1075.7185	1.137e5
1075.7252	1.210e5
1075.7319	1.329e5
1075.7386	1.351e5
1075.7454	1.527e5
1075.7521	1.616e5
1075.7588	1.672e5
1075.7655	1.605e5
1075.7722	1.735e5
1075.7789	1.804e5
1075.7855	2.078e5
1075.7922	2.262e5
1075.7990	2.433e5
1075.8057	2.721e5
1075.8124	2.984e5
1075.8191	2.885e5
1075.8258	3.061e5
1075.8325	2.973e5
1075.8392	2.828e5
1075.8459	2.419e5
1075.8527	2.097e5
1075.8594	1.854e5
1075.8661	1.565e5
1075.8728	1.308e5
1075.8795	1.174e5
1075.8862	9.794e4
1075.8929	9.049e4
1075.8997	9.048e4
1075.9064	8.680e4
1075.9131	8.128e4
1075.9198	8.851e4
1075.9265	8.748e4
1075.9332	9.406e4
1075.9399	1.091e5
1075.9467	1.141e5
1075.9534	1.124e5
1075.9601	1.416e5
1075.9668	1.588e5
1075.9735	1.820e5
1075.9802	1.854e5
1075.9869	2.111e5
1075.9937	2.168e5
1076.0004	2.103e5
1076.0071	1.897e5
1076.0138	1.810e5
1076.0205	1.646e5
1076.0272	1.645e5
1076.0338	1.352e5
1076.0405	1.327e5
1076.0472	1.068e5
1076.0540	1.055e5
1076.0607	1.021e5
1076.0674	1.088e5
1076.0741	1.047e5
1076.0808	1.177e5
1076.0875	1.223e5
1076.0942	1.323e5
1076.1010	1.470e5
1076.1077	1.841e5
1076.1144	1.947e5
1076.1211	2.140e5
1076.1278	2.285e5
1076.1346	2.631e5
1076.1414	2.764e5
1076.1481	2.844e5
1076.1548	2.864e5
1076.1615	2.921e5
1076.1682	2.626e5
1076.1749	2.613e5
1076.1816	2.260e5
1076.1884	2.105e5
1076.1951	1.972e5
1076.2018	2.094e5
1076.2085	2.093e5
1076.2152	2.208e5
1076.2219	2.299e5
1076.2286	2.487e5
1076.2354	2.487e5
1076.2421	2.667e5
1076.2488	2.600e5
1076.2555	2.705e5
1076.2622	2.306e5
1076.2689	2.201e5
1076.2756	1.936e5
1076.2823	1.862e5
1076.2891	1.744e5
1076.2958	1.669e5
1076.3025	1.453e5
1076.3092	1.530e5
1076.3159	1.670e5
1076.3226	1.876e5
1076.3293	1.911e5
1076.3361	2.004e5
1076.3428	2.216e5
1076.3495	2.525e5
1076.3562	3.022e5
1076.3629	3.294e5
1076.3696	3.949e5
1076.3763	4.661e5
1076.3831	5.541e5
1076.3896	6.511e5
1076.3964	7.687e5
1076.4031	8.894e5
1076.4098	1.064e6
1076.4165	1.310e6
1076.4232	1.631e6
1076.4299	2.160e6
1076.4366	2.845e6
1076.4434	4.069e6
1076.4501	5.383e6
1076.4568	7.476e6
1076.4635	9.091e6
1076.4702	1.103e7
1076.4769	1.105e7
1076.4836	1.115e7
1076.4904	9.371e6
1076.4971	7.737e6
1076.5038	5.438e6
1076.5105	4.167e6
1076.5172	2.693e6
1076.5239	2.020e6
1076.5306	1.367e6
1076.5374	1.048e6
1076.5441	7.715e5
1076.5508	5.884e5
1076.5575	4.421e5
1076.5642	3.240e5
1076.5709	2.574e5
1076.5776	2.043e5
1076.5844	1.808e5
1076.5911	1.652e5
1076.5978	1.599e5
1076.6045	1.770e5
1076.6112	1.761e5
1076.6180	1.719e5
1076.6248	1.740e5
1076.6315	1.851e5
1076.6382	1.923e5
1076.6449	2.123e5
1076.6516	2.196e5
1076.6583	2.382e5
1076.6650	2.807e5
1076.6718	2.986e5
1076.6785	3.344e5
1076.6852	3.935e5
1076.6919	4.612e5
1076.6986	5.223e5
1076.7053	6.200e5
1076.7120	7.494e5
1076.7188	8.832e5
1076.7255	1.001e6
1076.7322	1.186e6
1076.7389	1.338e6
1076.7456	1.523e6
1076.7523	1.843e6
1076.7590	2.266e6
1076.7657	3.051e6
1076.7725	4.108e6
1076.7792	6.183e6
1076.7859	8.958e6
1076.7926	1.305e7
1076.7993	1.663e7
1076.8060	2.044e7
1076.8127	2.060e7
1076.8195	1.929e7
1076.8262	1.477e7
1076.8329	1.126e7
1076.8396	7.160e6
1076.8463	5.052e6
1076.8530	3.086e6
1076.8597	2.218e6
1076.8665	1.522e6
1076.8732	1.187e6
1076.8799	8.803e5
1076.8866	7.073e5
1076.8933	5.385e5
1076.9000	4.186e5
1076.9067	3.106e5
1076.9135	2.617e5
1076.9202	2.082e5
1076.9269	2.053e5
1076.9336	1.922e5
1076.9403	1.864e5
1076.9470	1.881e5
1076.9537	2.147e5
1076.9604	2.237e5
1076.9672	2.633e5
1076.9739	2.656e5
1076.9806	2.863e5
1076.9873	2.984e5
1076.9940	3.187e5
1077.0007	3.330e5
1077.0074	3.507e5
1077.0142	3.769e5
1077.0209	4.135e5
1077.0276	4.666e5
1077.0343	5.285e5
1077.0410	6.212e5
1077.0477	7.339e5
1077.0544	8.626e5
1077.0612	9.964e5
1077.0679	1.145e6
1077.0746	1.316e6
1077.0813	1.547e6
1077.0880	1.791e6
1077.0947	2.277e6
1077.1016	3.239e6
1077.1083	4.458e6
1077.1150	6.850e6
1077.1217	9.695e6
1077.1284	1.426e7
1077.1351	1.789e7
1077.1418	2.105e7
1077.1486	2.010e7
1077.1553	1.850e7
1077.1620	1.370e7
1077.1687	1.011e7
1077.1754	6.360e6
1077.1821	4.391e6
1077.1888	2.663e6
1077.1956	2.001e6
1077.2023	1.375e6
1077.2090	1.104e6
1077.2157	8.201e5
1077.2224	6.841e5
1077.2291	5.216e5
1077.2358	4.132e5
1077.2426	3.220e5
1077.2493	2.544e5
1077.2560	2.149e5
1077.2627	2.069e5
1077.2694	1.827e5
1077.2761	1.846e5
1077.2828	1.777e5
1077.2896	1.838e5
1077.2963	1.837e5
1077.3030	1.880e5
1077.3097	1.894e5
1077.3164	2.021e5
1077.3231	2.038e5
1077.3298	2.215e5
1077.3365	2.293e5
1077.3433	2.454e5
1077.3500	2.699e5
1077.3567	3.106e5
1077.3634	3.515e5
1077.3701	4.206e5
1077.3768	4.851e5
1077.3835	5.788e5
1077.3903	7.115e5
1077.3970	8.534e5
1077.4037	9.964e5
1077.4104	1.174e6
1077.4171	1.390e6
1077.4238	1.750e6
1077.4305	2.193e6
1077.4373	3.088e6
1077.4440	4.215e6
1077.4507	6.236e6
1077.4574	8.300e6
1077.4641	1.141e7
1077.4708	1.315e7
1077.4775	1.473e7
1077.4843	1.361e7
1077.4910	1.241e7
1077.4977	9.107e6
1077.5044	6.944e6
1077.5111	4.452e6
1077.5179	3.219e6
1077.5247	2.064e6
1077.5314	1.487e6
1077.5381	1.028e6
1077.5448	8.436e5
1077.5515	6.272e5
1077.5582	4.879e5
1077.5649	3.772e5
1077.5717	2.934e5
1077.5785	2.296e5
1077.5852	1.865e5
1077.5919	1.534e5
1077.5986	1.544e5
1077.6053	1.478e5
1077.6121	1.508e5
1077.6188	1.282e5
1077.6255	1.510e5
1077.6322	1.364e5
1077.6389	1.371e5
1077.6456	1.389e5
1077.6523	1.508e5
1077.6591	1.506e5
1077.6658	1.538e5
1077.6725	1.701e5
1077.6792	1.661e5
1077.6859	1.904e5
1077.6926	2.236e5
1077.6993	2.502e5
1077.7061	3.084e5
1077.7128	3.601e5
1077.7195	4.333e5
1077.7262	4.954e5
1077.7329	6.255e5
1077.7396	7.328e5
1077.7463	9.139e5
1077.7531	1.082e6
1077.7598	1.386e6
1077.7665	1.754e6
1077.7732	2.387e6
1077.7799	3.082e6
1077.7866	4.355e6
1077.7933	5.340e6
1077.8000	6.855e6
1077.8068	7.321e6
1077.8135	8.071e6
1077.8202	7.232e6
1077.8269	6.540e6
1077.8336	4.942e6
1077.8403	3.963e6
1077.8470	2.676e6
1077.8538	1.995e6
1077.8605	1.349e6
1077.8672	1.011e6
1077.8740	7.036e5
1077.8807	5.559e5
1077.8875	3.998e5
1077.8942	2.985e5
1077.9009	2.310e5
1077.9076	1.789e5
1077.9143	1.538e5
1077.9210	1.314e5
1077.9277	1.138e5
1077.9344	1.054e5
1077.9412	9.383e4
1077.9479	1.042e5
1077.9546	1.156e5
1077.9613	1.116e5
1077.9680	1.083e5
1077.9747	1.066e5
1077.9814	1.107e5
1077.9882	1.248e5
1077.9949	1.233e5
1078.0016	1.257e5
1078.0083	1.207e5
1078.0150	1.378e5
1078.0217	1.401e5
1078.0284	1.523e5
1078.0352	1.679e5
1078.0419	1.939e5
1078.0486	2.317e5
1078.0553	2.795e5
1078.0621	3.193e5
1078.0688	3.942e5
1078.0756	4.639e5
1078.0823	5.789e5
1078.0890	7.025e5
1078.0957	9.238e5
1078.1024	1.153e6
1078.1091	1.499e6
1078.1158	1.848e6
1078.1227	2.416e6
1078.1294	2.774e6
1078.1361	3.320e6
1078.1428	3.504e6
1078.1495	3.639e6
1078.1563	3.365e6
1078.1630	3.080e6
1078.1697	2.408e6
1078.1764	1.891e6
1078.1831	1.379e6
1078.1898	1.053e6
1078.1965	7.321e5
1078.2032	5.339e5
1078.2100	3.856e5
1078.2167	3.151e5
1078.2234	2.255e5
1078.2301	1.832e5
1078.2368	1.384e5
1078.2435	1.236e5
1078.2502	9.693e4
1078.2570	8.696e4
1078.2637	8.973e4
1078.2704	9.146e4
1078.2771	8.337e4
1078.2838	8.919e4
1078.2905	7.826e4
1078.2972	8.770e4
1078.3040	8.244e4
1078.3107	8.109e4
1078.3174	7.370e4
1078.3241	8.599e4
1078.3309	8.005e4
1078.3376	7.490e4
1078.3444	7.952e4
1078.3511	9.633e4
1078.3578	9.963e4
1078.3645	9.686e4
1078.3712	1.125e5
1078.3779	1.281e5
1078.3846	1.507e5
1078.3914	1.820e5
1078.3981	2.046e5
1078.4048	2.394e5
1078.4115	2.760e5
1078.4182	3.485e5
1078.4249	4.239e5
1078.4316	5.415e5
1078.4384	6.619e5
1078.4451	8.245e5
1078.4518	9.987e5
1078.4585	1.197e6
1078.4652	1.339e6
1078.4719	1.570e6
1078.4786	1.564e6
1078.4854	1.565e6
1078.4921	1.423e6
1078.4988	1.319e6
1078.5055	1.053e6
1078.5123	8.418e5
1078.5190	6.327e5
1078.5258	5.031e5
1078.5325	3.632e5
1078.5392	2.671e5
1078.5460	2.143e5
1078.5527	1.853e5
1078.5594	1.381e5
1078.5662	1.038e5
1078.5729	9.893e4
1078.5796	1.017e5
1078.5863	8.679e4
1078.5930	8.086e4
1078.5997	7.659e4
1078.6064	7.038e4
1078.6132	6.918e4
1078.6199	7.514e4
1078.6266	7.204e4
1078.6333	8.107e4
1078.6400	7.195e4
1078.6467	7.257e4
1078.6534	7.633e4
1078.6602	7.742e4
1078.6669	7.357e4
1078.6737	7.167e4
1078.6804	7.743e4
1078.6871	8.461e4
1078.6938	7.929e4
1078.7006	9.043e4
1078.7073	8.105e4
1078.7140	9.175e4
1078.7207	9.892e4
1078.7274	1.171e5
1078.7341	1.342e5
1078.7408	1.453e5
1078.7476	1.597e5
1078.7543	1.952e5
1078.7610	2.247e5
1078.7677	2.864e5
1078.7744	3.312e5
1078.7811	4.155e5
1078.7878	4.916e5
1078.7946	5.873e5
1078.8013	6.327e5
1078.8080	6.978e5
1078.8147	6.762e5
1078.8215	6.814e5
1078.8282	5.984e5
1078.8350	5.527e5
1078.8417	4.529e5
1078.8484	3.840e5
1078.8551	3.039e5
1078.8618	2.496e5
1078.8685	1.899e5
1078.8752	1.556e5
1078.8820	1.266e5
1078.8887	1.115e5
1078.8954	8.842e4
1078.9021	7.960e4
1078.9088	7.233e4
1078.9155	8.587e4
1078.9222	7.272e4
1078.9290	8.232e4
1078.9357	7.182e4
1078.9424	8.046e4
1078.9491	6.584e4
1078.9559	7.257e4
1078.9626	7.322e4
1078.9694	8.291e4
1078.9761	7.870e4
1078.9828	8.938e4
1078.9895	9.056e4
1078.9962	9.051e4
1079.0029	7.993e4
1079.0096	8.205e4
1079.0164	8.105e4
1079.0232	7.644e4
1079.0299	7.337e4
1079.0366	8.023e4
1079.0433	7.880e4
1079.0500	7.636e4
1079.0568	8.740e4
1079.0635	9.668e4
1079.0702	9.643e4
1079.0769	1.161e5
1079.0837	1.220e5
1079.0905	1.458e5
1079.0972	1.486e5
1079.1039	1.827e5
1079.1106	1.941e5
1079.1173	2.309e5
1079.1240	2.560e5
1079.1307	2.964e5
1079.1375	3.236e5
1079.1442	3.638e5
1079.1509	3.433e5
1079.1576	3.415e5
1079.1643	3.014e5
1079.1710	2.745e5
1079.1777	2.360e5
1079.1844	1.957e5
1079.1912	1.656e5
1079.1979	1.439e5
1079.2047	1.123e5
1079.2114	1.018e5
1079.2181	9.859e4
1079.2249	9.005e4
1079.2316	8.061e4
1079.2383	7.277e4
1079.2450	7.164e4
1079.2517	7.812e4
1079.2584	7.852e4
1079.2651	7.602e4
1079.2719	7.421e4
1079.2786	7.181e4
1079.2853	7.484e4
1079.2920	7.743e4
1079.2987	7.860e4
1079.3054	7.634e4
1079.3121	7.809e4
1079.3190	8.240e4
1079.3257	8.062e4
1079.3324	8.995e4
1079.3391	8.639e4
1079.3458	7.491e4
1079.3525	7.909e4
1079.3593	8.294e4
1079.3660	8.361e4
1079.3727	7.828e4
1079.3794	8.515e4
1079.3861	9.511e4
1079.3928	9.981e4
1079.3995	1.050e5
1079.4063	1.072e5
1079.4130	1.236e5
1079.4197	1.415e5
1079.4265	1.579e5
1079.4332	1.818e5
1079.4399	2.045e5
1079.4467	2.322e5
1079.4534	2.848e5
1079.4601	3.225e5
1079.4668	3.509e5
1079.4735	3.865e5
1079.4802	4.163e5
1079.4869	4.143e5
1079.4937	3.992e5
1079.5004	3.686e5
1079.5072	3.357e5
1079.5139	2.911e5
1079.5206	2.489e5
1079.5273	1.983e5
1079.5342	1.703e5
1079.5409	1.441e5
1079.5476	1.369e5
1079.5543	9.859e4
1079.5610	9.967e4
1079.5677	9.723e4
1079.5745	8.703e4
1079.5812	8.406e4
1079.5879	8.081e4
1079.5946	8.380e4
1079.6013	9.300e4
1079.6080	8.742e4
1079.6147	8.229e4
1079.6215	8.562e4
1079.6283	9.339e4
1079.6350	8.406e4
1079.6417	7.931e4
1079.6484	7.505e4
1079.6552	9.208e4
1079.6619	7.840e4
1079.6686	8.481e4
1079.6753	8.314e4
1079.6820	9.141e4
1079.6887	8.319e4
1079.6954	9.823e4
1079.7021	9.551e4
1079.7089	9.160e4
1079.7156	9.666e4
1079.7223	1.081e5
1079.7291	1.154e5
1079.7358	1.343e5
1079.7426	1.424e5
1079.7493	1.475e5
1079.7560	1.692e5
1079.7627	1.969e5
1079.7694	2.193e5
1079.7761	2.694e5
1079.7828	2.967e5
1079.7896	3.607e5
1079.7963	4.057e5
1079.8030	4.405e5
1079.8097	4.813e5
1079.8164	5.231e5
1079.8232	5.017e5
1079.8300	5.153e5
1079.8367	4.663e5
1079.8434	4.127e5
1079.8501	3.554e5
1079.8568	3.115e5
1079.8635	2.435e5
1079.8702	2.175e5
1079.8770	1.837e5
1079.8837	1.666e5
1079.8904	1.437e5
1079.8971	1.319e5
1079.9038	1.266e5
1079.9106	1.273e5
1079.9174	1.248e5
1079.9241	1.301e5
1079.9308	1.304e5
1079.9375	1.226e5
1079.9442	1.405e5
1079.9509	1.372e5
1079.9576	1.565e5
1079.9644	1.548e5
1079.9711	1.645e5
1079.9778	1.829e5
1079.9846	1.903e5
1079.9913	2.242e5
1079.9982	2.356e5
1080.0049	2.726e5
1080.0116	2.992e5
1080.0183	3.218e5
1080.0250	3.770e5
1080.0317	4.315e5
1080.0385	4.909e5
1080.0452	5.825e5
1080.0519	6.734e5
1080.0586	7.930e5
1080.0653	9.313e5
1080.0720	1.092e6
1080.0787	1.261e6
1080.0856	1.399e6
1080.0923	1.530e6
1080.0990	1.700e6
1080.1057	1.901e6
1080.1124	2.524e6
1080.1191	3.393e6
1080.1259	5.328e6
1080.1326	8.095e6
1080.1393	1.291e7
1080.1460	1.887e7
1080.1527	2.517e7
1080.1594	2.863e7
1080.1663	2.800e7
1080.1730	2.265e7
1080.1797	1.674e7
1080.1864	1.061e7
1080.1931	6.747e6
1080.1998	4.080e6
1080.2065	2.715e6
1080.2133	1.812e6
1080.2200	1.402e6
1080.2267	1.077e6
1080.2334	9.043e5
1080.2401	6.733e5
1080.2469	5.255e5
1080.2537	4.070e5
1080.2604	3.575e5
1080.2671	2.911e5
1080.2738	2.602e5
1080.2805	2.252e5
1080.2872	2.441e5
1080.2939	2.392e5
1080.3007	2.425e5
1080.3074	2.562e5
1080.3141	2.861e5
1080.3208	3.095e5
1080.3276	3.415e5
1080.3344	3.689e5
1080.3411	4.021e5
1080.3478	4.479e5
1080.3545	4.908e5
1080.3612	5.350e5
1080.3679	6.494e5
1080.3746	7.221e5
1080.3813	8.006e5
1080.3881	9.355e5
1080.3948	1.140e6
1080.4015	1.348e6
1080.4083	1.477e6
1080.4150	1.690e6
1080.4218	1.836e6
1080.4285	1.864e6
1080.4352	1.936e6
1080.4419	2.192e6
1080.4486	2.819e6
1080.4553	4.137e6
1080.4620	7.134e6
1080.4689	1.277e7
1080.4756	2.289e7
1080.4824	3.819e7
1080.4891	5.105e7
1080.4958	5.941e7
1080.5026	5.102e7
1080.5093	3.700e7
1080.5160	2.256e7
1080.5227	1.227e7
1080.5294	6.691e6
1080.5361	3.577e6
1080.5428	2.433e6
1080.5496	1.688e6
1080.5564	1.397e6
1080.5631	1.240e6
1080.5698	1.061e6
1080.5765	8.799e5
1080.5833	6.993e5
1080.5900	5.422e5
1080.5967	4.311e5
1080.6034	3.315e5
1080.6101	2.990e5
1080.6168	2.851e5
1080.6235	2.944e5
1080.6304	2.858e5
1080.6371	3.195e5
1080.6438	3.287e5
1080.6505	3.722e5
1080.6572	3.758e5
1080.6639	4.239e5
1080.6707	4.366e5
1080.6774	4.775e5
1080.6841	4.978e5
1080.6908	5.278e5
1080.6976	5.719e5
1080.7043	6.687e5
1080.7111	7.223e5
1080.7178	8.131e5
1080.7245	9.815e5
1080.7312	1.159e6
1080.7379	1.375e6
1080.7446	1.533e6
1080.7513	1.751e6
1080.7581	1.873e6
1080.7648	1.942e6
1080.7716	2.048e6
1080.7783	2.334e6
1080.7850	3.170e6
1080.7917	4.987e6
1080.7985	8.810e6
1080.8052	1.626e7
1080.8119	2.834e7
1080.8186	4.480e7
1080.8253	5.567e7
1080.8320	5.928e7
1080.8389	4.684e7
1080.8456	3.173e7
1080.8523	1.822e7
1080.8590	9.426e6
1080.8657	5.356e6
1080.8724	2.958e6
1080.8792	2.060e6
1080.8859	1.541e6
1080.8926	1.343e6
1080.8993	1.198e6
1080.9061	1.028e6
1080.9128	8.492e5
1080.9196	6.794e5
1080.9263	5.201e5
1080.9330	4.271e5
1080.9397	3.513e5
1080.9465	3.378e5
1080.9532	3.046e5
1080.9600	2.998e5
1080.9667	3.219e5
1080.9735	3.316e5
1080.9802	3.388e5
1080.9869	3.508e5
1080.9937	3.695e5
1081.0004	3.987e5
1081.0071	3.871e5
1081.0138	4.082e5
1081.0205	4.261e5
1081.0272	4.720e5
1081.0341	4.914e5
1081.0408	5.374e5
1081.0475	5.981e5
1081.0542	7.051e5
1081.0609	8.624e5
1081.0676	1.044e6
1081.0743	1.296e6
1081.0811	1.479e6
1081.0878	1.628e6
1081.0945	1.786e6
1081.1013	1.915e6
1081.1080	2.147e6
1081.1147	2.590e6
1081.1215	3.799e6
1081.1282	5.911e6
1081.1349	1.014e7
1081.1416	1.681e7
1081.1483	2.590e7
1081.1550	3.499e7
1081.1619	3.984e7
1081.1686	3.778e7
1081.1753	2.914e7
1081.1820	1.916e7
1081.1887	1.195e7
1081.1954	6.632e6
1081.2021	3.998e6
1081.2089	2.453e6
1081.2156	1.826e6
1081.2224	1.365e6
1081.2291	1.162e6
1081.2358	9.965e5
1081.2426	8.109e5
1081.2493	6.980e5
1081.2560	5.917e5
1081.2627	4.540e5
1081.2694	3.825e5
1081.2761	3.134e5
1081.2828	3.033e5
1081.2897	2.634e5
1081.2964	2.811e5
1081.3031	2.674e5
1081.3098	2.688e5
1081.3165	2.730e5
1081.3232	2.787e5
1081.3300	2.624e5
1081.3367	2.705e5
1081.3434	2.719e5
1081.3502	2.931e5
1081.3569	3.075e5
1081.3636	3.185e5
1081.3704	3.289e5
1081.3771	3.741e5
1081.3838	4.425e5
1081.3905	5.394e5
1081.3972	6.445e5
1081.4041	7.716e5
1081.4108	9.358e5
1081.4175	1.130e6
1081.4242	1.288e6
1081.4310	1.470e6
1081.4377	1.665e6
1081.4445	2.052e6
1081.4512	2.541e6
1081.4579	3.809e6
1081.4647	5.501e6
1081.4714	8.466e6
1081.4781	1.186e7
1081.4849	1.646e7
1081.4916	1.943e7
1081.4983	2.055e7
1081.5050	1.779e7
1081.5117	1.468e7
1081.5184	1.000e7
1081.5253	6.713e6
1081.5320	4.040e6
1081.5387	2.828e6
1081.5454	1.789e6
1081.5521	1.373e6
1081.5588	9.812e5
1081.5656	8.013e5
1081.5723	6.420e5
1081.5791	5.186e5
1081.5858	3.985e5
1081.5925	3.436e5
1081.5992	2.515e5
1081.6060	2.201e5
1081.6127	1.874e5
1081.6194	1.760e5
1081.6261	1.642e5
1081.6328	1.616e5
1081.6396	1.415e5
1081.6464	1.594e5
1081.6531	1.552e5
1081.6598	1.728e5
1081.6665	1.527e5
1081.6732	1.570e5
1081.6799	1.758e5
1081.6866	1.885e5
1081.6935	1.909e5
1081.7002	2.062e5
1081.7069	2.081e5
1081.7136	2.308e5
1081.7203	2.807e5
1081.7271	3.451e5
1081.7338	4.001e5
1081.7405	4.830e5
1081.7473	5.978e5
1081.7540	6.992e5
1081.7607	8.610e5
1081.7675	1.045e6
1081.7742	1.219e6
1081.7809	1.533e6
1081.7876	1.996e6
1081.7943	2.791e6
1081.8011	3.688e6
1081.8079	5.030e6
1081.8146	6.329e6
1081.8213	7.836e6
1081.8280	8.237e6
1081.8347	8.587e6
1081.8414	7.249e6
1081.8481	6.068e6
1081.8550	4.376e6
1081.8617	3.290e6
1081.8684	2.151e6
1081.8751	1.579e6
1081.8818	1.069e6
1081.8885	8.044e5
1081.8953	5.458e5
1081.9020	4.570e5
1081.9089	3.416e5
1081.9156	2.717e5
1081.9224	2.116e5
1081.9291	1.660e5
1081.9358	1.384e5
1081.9425	1.285e5
1081.9492	1.171e5
1081.9559	1.096e5
1081.9628	1.008e5
1081.9695	1.040e5
1081.9762	1.067e5
1081.9829	1.137e5
1081.9896	1.070e5
1081.9963	1.019e5
1082.0031	1.031e5
1082.0098	1.161e5
1082.0166	1.099e5
1082.0233	1.181e5
1082.0300	1.119e5
1082.0367	1.215e5
1082.0435	1.372e5
1082.0502	1.457e5
1082.0569	1.693e5
1082.0636	2.070e5
1082.0704	2.443e5
1082.0771	3.099e5
1082.0839	3.627e5
1082.0906	4.428e5
1082.0973	5.315e5
1082.1040	6.383e5
1082.1107	7.855e5
1082.1176	1.013e6
1082.1243	1.243e6
1082.1310	1.652e6
1082.1377	2.008e6
1082.1444	2.521e6
1082.1511	2.860e6
1082.1578	3.341e6
1082.1646	3.322e6
1082.1714	3.324e6
1082.1781	2.837e6
1082.1848	2.434e6
1082.1915	1.878e6
1082.1982	1.469e6
1082.2050	1.071e6
1082.2117	7.705e5
1082.2185	5.569e5
1082.2252	4.051e5
1082.2319	2.937e5
1082.2386	2.288e5
1082.2454	1.837e5
1082.2521	1.535e5
1082.2588	1.170e5
1082.2655	1.035e5
1082.2723	8.896e4
1082.2791	9.027e4
1082.2858	8.536e4
1082.2925	7.558e4
1082.2992	8.696e4
1082.3059	9.260e4
1082.3126	7.771e4
1082.3195	8.185e4
1082.3262	7.493e4
1082.3329	8.524e4
1082.3396	8.714e4
1082.3463	8.877e4
1082.3530	7.892e4
1082.3597	9.483e4
1082.3666	8.379e4
1082.3733	9.303e4
1082.3800	9.725e4
1082.3868	1.126e5
1082.3936	1.269e5
1082.4003	1.742e5
1082.4070	1.699e5
1082.4137	2.067e5
1082.4205	2.445e5
1082.4272	2.899e5
1082.4340	3.322e5
1082.4407	4.082e5
1082.4474	5.061e5
1082.4541	6.272e5
1082.4608	7.524e5
1082.4677	9.141e5
1082.4744	1.051e6
1082.4811	1.255e6
1082.4878	1.364e6
1082.4945	1.490e6
1082.5012	1.401e6
1082.5079	1.347e6
1082.5148	1.162e6
1082.5215	9.871e5
1082.5282	7.982e5
1082.5349	6.197e5
1082.5416	4.474e5
1082.5483	3.621e5
1082.5551	2.677e5
1082.5619	2.170e5
1082.5686	1.631e5
1082.5753	1.406e5
1082.5820	1.127e5
1082.5887	9.635e4
1082.5955	9.429e4
1082.6022	9.162e4
1082.6090	8.377e4
1082.6157	7.542e4
1082.6224	7.473e4
1082.6292	7.745e4
1082.6359	7.269e4
1082.6426	7.261e4
1082.6493	7.060e4
1082.6561	7.688e4
1082.6628	7.281e4
1082.6696	7.455e4
1082.6763	8.108e4
1082.6830	8.471e4
1082.6897	7.547e4
1082.6964	8.923e4
1082.7032	8.252e4
1082.7100	8.982e4
1082.7167	9.399e4
1082.7234	1.037e5
1082.7301	1.063e5
1082.7368	1.228e5
1082.7437	1.270e5
1082.7504	1.503e5
1082.7571	1.660e5
1082.7638	2.023e5
1082.7705	2.289e5
1082.7772	2.882e5
1082.7839	3.190e5
1082.7908	3.764e5
1082.7975	4.302e5
1082.8042	5.123e5
1082.8109	5.738e5
1082.8176	6.276e5
1082.8243	6.523e5
1082.8311	6.619e5
1082.8379	6.056e5
1082.8446	5.794e5
1082.8513	5.002e5
1082.8580	4.469e5
1082.8647	3.398e5
1082.8716	2.954e5
1082.8783	2.352e5
1082.8851	1.882e5
1082.8918	1.465e5
1082.8986	1.229e5
1082.9053	1.014e5
1082.9120	1.002e5
1082.9187	8.246e4
1082.9255	8.782e4
1082.9323	7.970e4
1082.9390	8.020e4
1082.9457	9.143e4
1082.9524	9.325e4
1082.9591	8.314e4
1082.9658	8.341e4
1082.9727	8.507e4
1082.9794	9.141e4
1082.9861	9.220e4
1082.9928	9.069e4
1082.9995	9.157e4
1083.0062	8.808e4
1083.0131	8.053e4
1083.0198	8.292e4
1083.0265	7.921e4
1083.0332	8.581e4
1083.0399	8.683e4
1083.0466	8.998e4
1083.0533	8.771e4
1083.0602	9.813e4
1083.0669	8.864e4
1083.0736	1.108e5
1083.0803	1.181e5
1083.0870	1.290e5
1083.0938	1.286e5
1083.1006	1.333e5
1083.1073	1.578e5
1083.1140	1.843e5
1083.1207	2.008e5
1083.1274	2.467e5
1083.1342	2.566e5
1083.1410	2.870e5
1083.1477	2.993e5
1083.1544	3.271e5
1083.1611	3.066e5
1083.1678	3.132e5
1083.1746	2.857e5
1083.1813	2.592e5
1083.1881	2.289e5
1083.1948	2.055e5
1083.2015	1.683e5
1083.2083	1.474e5
1083.2150	1.274e5
1083.2217	1.138e5
1083.2285	1.013e5
1083.2352	9.670e4
1083.2419	8.078e4
1083.2487	7.199e4
1083.2554	7.376e4
1083.2621	7.852e4
1083.2689	6.775e4
1083.2756	6.325e4
1083.2823	6.547e4
1083.2891	6.440e4
1083.2958	6.611e4
1083.3025	6.229e4
1083.3093	6.120e4
1083.3160	6.440e4
1083.3228	6.677e4
1083.3295	6.140e4
1083.3362	6.526e4
1083.3429	6.228e4
1083.3497	5.474e4
1083.3566	7.103e4
1083.3633	6.789e4
1083.3700	6.312e4
1083.3767	7.512e4
1083.3834	7.243e4
1083.3901	7.246e4
1083.3970	8.137e4
1083.4037	8.773e4
1083.4104	8.879e4
1083.4171	8.383e4
1083.4238	8.908e4
1083.4305	9.434e4
1083.4374	1.086e5
1083.4441	1.174e5
1083.4508	1.310e5
1083.4575	1.269e5
1083.4642	1.386e5
1083.4709	1.417e5
1083.4778	1.438e5
1083.4845	1.487e5
1083.4912	1.490e5
1083.4979	1.479e5
1083.5046	1.371e5
1083.5114	1.262e5
1083.5182	1.135e5
1083.5249	1.005e5
1083.5316	8.892e4
1083.5383	8.269e4
1083.5450	7.875e4
1083.5518	6.540e4
1083.5586	7.152e4
1083.5653	6.984e4
1083.5720	6.694e4
1083.5787	6.018e4
1083.5854	5.613e4
1083.5922	6.170e4
1083.5990	6.829e4
1083.6057	5.379e4
1083.6124	6.192e4
1083.6191	6.457e4
1083.6259	5.995e4
1083.6326	6.140e4
1083.6394	6.283e4
1083.6461	5.192e4
1083.6528	5.055e4
1083.6595	5.300e4
1083.6663	4.814e4
1083.6731	4.987e4
1083.6798	4.499e4
1083.6865	4.446e4
1083.6932	4.998e4
1083.7000	4.785e4
1083.7067	5.526e4
1083.7135	4.507e4
1083.7202	4.593e4
1083.7269	4.979e4
1083.7336	5.484e4
1083.7404	5.401e4
1083.7471	6.367e4
1083.7539	6.754e4
1083.7606	7.708e4
1083.7673	8.472e4
1083.7740	9.848e4
1083.7808	9.692e4
1083.7875	1.069e5
1083.7943	1.083e5
1083.8010	1.143e5
1083.8077	1.072e5
1083.8145	1.193e5
1083.8212	1.189e5
1083.8281	1.063e5
1083.8348	1.003e5
1083.8416	9.919e4
1083.8483	8.101e4
1083.8550	7.387e4
1083.8617	6.109e4
1083.8685	6.423e4
1083.8752	5.676e4
1083.8820	4.921e4
1083.8887	4.617e4
1083.8954	4.502e4
1083.9021	5.085e4
1083.9089	5.149e4
1083.9156	4.942e4
1083.9224	4.780e4
1083.9291	4.420e4
1083.9358	4.533e4
1083.9426	4.239e4
1083.9493	3.994e4
1083.9561	4.082e4
1083.9628	5.038e4
1083.9695	4.200e4
1083.9762	5.176e4
1083.9830	4.499e4
1083.9897	5.032e4
1083.9965	4.853e4
1084.0032	5.621e4
1084.0099	4.224e4
1084.0166	5.158e4
1084.0234	4.731e4
1084.0302	5.341e4
1084.0369	4.830e4
1084.0436	5.800e4
1084.0503	5.977e4
1084.0571	5.227e4
1084.0638	5.138e4
1084.0706	5.324e4
1084.0773	5.937e4
1084.0840	6.808e4
1084.0907	7.271e4
1084.0975	7.108e4
1084.1042	8.491e4
1084.1110	9.445e4
1084.1177	9.730e4
1084.1244	1.161e5
1084.1312	1.103e5
1084.1379	1.176e5
1084.1447	1.116e5
1084.1514	1.143e5
1084.1581	9.674e4
1084.1648	9.379e4
1084.1716	8.079e4
1084.1783	9.433e4
1084.1851	8.180e4
1084.1918	7.606e4
1084.1985	6.743e4
1084.2053	6.774e4
1084.2120	5.355e4
1084.2188	5.114e4
1084.2255	5.002e4
1084.2322	5.239e4
1084.2390	5.247e4
1084.2457	5.700e4
1084.2524	4.534e4
1084.2592	4.660e4
1084.2659	4.127e4
1084.2726	4.857e4
1084.2794	4.568e4
1084.2861	4.348e4
1084.2928	3.277e4
1084.2996	5.340e4
1084.3063	3.919e4
1084.3132	4.591e4
1084.3199	4.919e4
1084.3267	5.569e4
1084.3334	3.937e4
1084.3401	4.243e4
1084.3469	4.725e4
1084.3536	4.808e4
1084.3604	4.651e4
1084.3671	4.560e4
1084.3738	5.112e4
1084.3805	5.607e4
1084.3873	4.898e4
1084.3940	6.196e4
1084.4008	5.952e4
1084.4075	6.609e4
1084.4142	7.060e4
1084.4210	8.044e4
1084.4277	8.289e4