1069.6128	3.998e4
1069.6194	4.429e4
1069.6261	3.973e4
1069.6328	3.953e4
1069.6395	3.460e4
1069.6462	4.255e4
1069.6528	3.806e4
1069.6595	3.661e4
1069.6663	3.717e4
1069.6730	4.159e4
1069.6797	3.701e4
1069.6864	4.050e4
1069.6930	3.639e4
1069.6997	5.015e4
1069.7064	4.189e4
1069.7131	3.434e4
1069.7198	3.893e4
1069.7264	4.835e4
1069.7332	3.463e4
1069.7399	3.990e4
1069.7466	3.959e4
1069.7533	4.075e4
1069.7600	3.929e4
1069.7666	3.710e4
1069.7733	3.854e4
1069.7800	4.516e4
1069.7867	4.083e4
1069.7935	5.725e4
1069.8000	4.433e4
1069.8068	5.270e4
1069.8135	4.463e4
1069.8202	4.349e4
1069.8269	4.458e4
1069.8336	4.790e4
1069.8402	4.187e4
1069.8469	4.551e4
1069.8536	4.211e4
1069.8604	4.160e4
1069.8671	3.799e4
1069.8738	5.162e4
1069.8805	3.785e4
1069.8872	4.438e4
1069.8939	3.712e4
1069.9006	4.732e4
1069.9073	4.135e4
1069.9139	5.104e4
1069.9207	3.970e4
1069.9274	4.054e4
1069.9341	4.395e4
1069.9408	5.463e4
1069.9474	3.904e4
1069.9541	4.281e4
1069.9608	4.499e4
1069.9675	3.868e4
1069.9742	4.682e4
1069.9810	4.072e4
1069.9875	3.493e4
1069.9943	4.592e4
1070.0010	4.345e4
1070.0077	4.534e4
1070.0144	3.772e4
1070.0210	3.638e4
1070.0277	4.234e4
1070.0344	5.248e4
1070.0411	4.822e4
1070.0479	5.086e4
1070.0546	4.651e4
1070.0612	4.310e4
1070.0679	3.444e4
1070.0746	4.607e4
1070.0813	4.681e4
1070.0880	5.314e4
1070.0947	4.833e4
1070.1013	4.840e4
1070.1080	5.163e4
1070.1147	5.260e4
1070.1215	4.708e4
1070.1282	5.652e4
1070.1348	4.949e4
1070.1415	4.940e4
1070.1482	4.280e4
1070.1549	4.690e4
1070.1616	4.424e4
1070.1683	4.874e4
1070.1749	4.495e4
1070.1816	4.861e4
1070.1884	4.307e4
1070.1951	4.572e4
1070.2018	4.730e4
1070.2085	4.521e4
1070.2151	4.116e4
1070.2218	4.989e4
1070.2285	4.164e4
1070.2352	4.366e4
1070.2419	3.360e4
1070.2487	4.219e4
1070.2552	4.613e4
1070.2620	4.493e4
1070.2687	3.914e4
1070.2754	4.092e4
1070.2821	3.996e4
1070.2888	4.500e4
1070.2954	3.777e4
1070.3021	5.028e4
1070.3088	4.486e4
1070.3156	4.426e4
1070.3223	3.993e4
1070.3290	4.319e4
1070.3356	3.911e4
1070.3423	4.447e4
1070.3490	4.737e4
1070.3558	4.956e4
1070.3625	5.031e4
1070.3691	4.874e4
1070.3759	4.863e4
1070.3826	5.524e4
1070.3893	6.367e4
1070.3960	6.097e4
1070.4027	7.428e4
1070.4093	9.051e4
1070.4160	9.159e4
1070.4227	1.056e5
1070.4294	1.230e5
1070.4362	1.485e5
1070.4429	1.762e5
1070.4495	2.080e5
1070.4562	2.189e5
1070.4629	2.536e5
1070.4696	2.503e5
1070.4763	2.510e5
1070.4830	2.298e5
1070.4896	2.129e5
1070.4963	1.830e5
1070.5031	1.513e5
1070.5098	1.147e5
1070.5165	1.059e5
1070.5232	8.102e4
1070.5299	7.846e4
1070.5365	6.601e4
1070.5432	5.741e4
1070.5499	5.566e4
1070.5566	5.276e4
1070.5634	4.463e4
1070.5701	4.886e4
1070.5767	4.448e4
1070.5834	4.110e4
1070.5901	4.202e4
1070.5968	4.570e4
1070.6035	4.492e4
1070.6102	4.641e4
1070.6168	4.359e4
1070.6235	3.798e4
1070.6302	3.898e4
1070.6370	3.931e4
1070.6437	3.874e4
1070.6504	4.827e4
1070.6570	4.705e4
1070.6637	3.883e4
1070.6704	4.001e4
1070.6771	4.516e4
1070.6838	4.584e4
1070.6906	5.738e4
1070.6971	5.395e4
1070.7039	5.907e4
1070.7106	6.126e4
1070.7173	7.034e4
1070.7240	7.703e4
1070.7307	8.632e4
1070.7373	9.706e4
1070.7440	1.191e5
1070.7507	1.361e5
1070.7574	1.733e5
1070.7642	2.013e5
1070.7709	2.440e5
1070.7776	2.864e5
1070.7842	3.304e5
1070.7909	3.564e5
1070.7976	4.046e5
1070.8043	4.208e5
1070.8110	4.207e5
1070.8177	3.782e5
1070.8243	3.335e5
1070.8311	2.755e5
1070.8379	2.432e5
1070.8446	1.832e5
1070.8513	1.467e5
1070.8580	1.180e5
1070.8647	1.028e5
1070.8713	7.614e4
1070.8781	6.963e4
1070.8848	5.295e4
1070.8915	5.920e4
1070.8982	5.622e4
1070.9049	5.420e4
1070.9115	4.770e4
1070.9182	5.076e4
1070.9249	4.475e4
1070.9316	4.426e4
1070.9384	4.309e4
1070.9451	4.887e4
1070.9518	5.194e4
1070.9584	5.104e4
1070.9651	5.083e4
1070.9718	5.358e4
1070.9785	5.458e4
1070.9852	5.468e4
1070.9919	5.065e4
1070.9985	5.570e4
1071.0052	5.579e4
1071.0120	6.753e4
1071.0187	6.585e4
1071.0254	7.142e4
1071.0321	7.052e4
1071.0388	7.481e4
1071.0454	8.135e4
1071.0521	9.051e4
1071.0588	9.658e4
1071.0656	1.116e5
1071.0723	1.265e5
1071.0790	1.541e5
1071.0856	1.793e5
1071.0923	2.128e5
1071.0990	2.537e5
1071.1057	3.079e5
1071.1124	3.692e5
1071.1191	4.285e5
1071.1259	4.475e5
1071.1324	4.983e5
1071.1392	5.005e5
1071.1459	4.891e5
1071.1526	4.279e5
1071.1593	3.979e5
1071.1660	3.285e5
1071.1727	2.650e5
1071.1793	2.067e5
1071.1860	1.700e5
1071.1927	1.339e5
1071.1995	1.156e5
1071.2062	9.352e4
1071.2129	8.657e4
1071.2196	7.517e4
1071.2262	7.132e4
1071.2329	6.190e4
1071.2396	7.032e4
1071.2463	5.692e4
1071.2531	6.493e4
1071.2598	6.282e4
1071.2664	6.766e4
1071.2731	5.661e4
1071.2798	5.771e4
1071.2865	5.723e4
1071.2932	6.764e4
1071.2999	5.965e4
1071.3066	6.682e4
1071.3132	6.590e4
1071.3201	6.915e4
1071.3268	6.242e4
1071.3335	6.663e4
1071.3402	6.902e4
1071.3469	8.249e4
1071.3536	8.228e4
1071.3602	9.390e4
1071.3669	8.530e4
1071.3737	9.127e4
1071.3804	9.028e4
1071.3871	1.057e5
1071.3938	1.178e5
1071.4005	1.279e5
1071.4071	1.407e5
1071.4138	1.673e5
1071.4205	1.915e5
1071.4272	2.298e5
1071.4340	2.609e5
1071.4407	3.174e5
1071.4474	3.661e5
1071.4540	4.122e5
1071.4607	4.393e5
1071.4674	4.774e5
1071.4741	4.693e5
1071.4808	4.609e5
1071.4875	4.238e5
1071.4943	3.613e5
1071.5010	3.018e5
1071.5076	2.567e5
1071.5143	2.128e5
1071.5210	1.930e5
1071.5277	1.552e5
1071.5344	1.384e5
1071.5411	1.252e5
1071.5479	1.163e5
1071.5544	1.032e5
1071.5612	1.049e5
1071.5679	1.005e5
1071.5746	1.031e5
1071.5813	1.005e5
1071.5880	1.028e5
1071.5947	1.130e5
1071.6013	1.182e5
1071.6080	1.212e5
1071.6147	1.355e5
1071.6215	1.385e5
1071.6282	1.485e5
1071.6349	1.548e5
1071.6416	1.715e5
1071.6482	1.869e5
1071.6549	2.085e5
1071.6616	2.349e5
1071.6683	2.631e5
1071.6750	3.113e5
1071.6818	3.679e5
1071.6885	4.418e5
1071.6952	5.217e5
1071.7018	6.062e5
1071.7085	7.352e5
1071.7152	8.250e5
1071.7219	9.442e5
1071.7286	1.038e6
1071.7354	1.187e6
1071.7421	1.304e6
1071.7487	1.639e6
1071.7554	2.072e6
1071.7621	2.998e6
1071.7688	4.369e6
1071.7755	6.747e6
1071.7822	1.009e7
1071.7889	1.472e7
1071.7957	1.862e7
1071.8024	2.055e7
1071.8091	1.862e7
1071.8158	1.490e7
1071.8225	1.010e7
1071.8292	6.774e6
1071.8359	4.017e6
1071.8427	2.738e6
1071.8492	1.763e6
1071.8560	1.319e6
1071.8627	9.416e5
1071.8694	7.848e5
1071.8761	5.901e5
1071.8828	4.653e5
1071.8895	3.505e5
1071.8962	2.930e5
1071.9028	2.251e5
1071.9095	1.896e5
1071.9163	1.652e5
1071.9230	1.713e5
1071.9297	1.733e5
1071.9364	1.761e5
1071.9431	1.859e5
1071.9498	2.017e5
1071.9564	2.192e5
1071.9631	2.482e5
1071.9698	2.456e5
1071.9766	2.792e5
1071.9833	2.998e5
1071.9900	3.253e5
1071.9967	3.644e5
1072.0034	4.037e5
1072.0100	4.490e5
1072.0167	5.252e5
1072.0234	6.188e5
1072.0302	6.978e5
1072.0369	8.215e5
1072.0436	9.768e5
1072.0503	1.127e6
1072.0570	1.225e6
1072.0636	1.362e6
1072.0703	1.439e6
1072.0770	1.645e6
1072.0837	1.872e6
1072.0905	2.417e6
1072.0972	3.701e6
1072.1039	5.638e6
1072.1106	9.611e6
1072.1172	1.649e7
1072.1239	2.617e7
1072.1306	3.620e7
1072.1373	3.895e7
1072.1440	3.480e7
1072.1508	2.372e7
1072.1575	1.431e7
1072.1642	8.212e6
1072.1708	4.727e6
1072.1775	2.950e6
1072.1842	1.862e6
1072.1909	1.411e6
1072.1976	1.078e6
1072.2043	9.001e5
1072.2111	7.601e5
1072.2178	5.997e5
1072.2244	4.837e5
1072.2311	3.751e5
1072.2378	3.091e5
1072.2445	2.679e5
1072.2512	2.345e5
1072.2579	2.252e5
1072.2646	2.175e5
1072.2714	2.082e5
1072.2780	2.209e5
1072.2848	2.501e5
1072.2915	2.409e5
1072.2982	2.757e5
1072.3049	2.902e5
1072.3116	3.094e5
1072.3184	3.220e5
1072.3251	3.452e5
1072.3318	3.692e5
1072.3384	3.950e5
1072.3451	4.439e5
1072.3518	4.989e5
1072.3585	5.687e5
1072.3652	6.851e5
1072.3719	8.165e5
1072.3787	9.825e5
1072.3854	1.141e6
1072.3920	1.273e6
1072.3987	1.384e6
1072.4054	1.487e6
1072.4121	1.652e6
1072.4188	2.014e6
1072.4255	2.550e6
1072.4323	3.873e6
1072.4390	6.181e6
1072.4457	1.070e7
1072.4523	1.824e7
1072.4590	2.790e7
1072.4657	3.779e7
1072.4724	3.863e7
1072.4791	3.276e7
1072.4858	2.205e7
1072.4926	1.280e7
1072.4993	7.481e6
1072.5060	4.134e6
1072.5126	2.798e6
1072.5193	1.726e6
1072.5260	1.359e6
1072.5327	1.059e6
1072.5394	8.851e5
1072.5461	7.354e5
1072.5529	5.718e5
1072.5596	4.590e5
1072.5663	3.756e5
1072.5729	3.056e5
1072.5796	2.495e5
1072.5863	2.206e5
1072.5930	2.241e5
1072.5997	2.254e5
1072.6064	2.402e5
1072.6132	2.150e5
1072.6199	2.341e5
1072.6266	2.330e5
1072.6332	2.542e5
1072.6399	2.577e5
1072.6466	2.661e5
1072.6533	2.812e5
1072.6600	2.986e5
1072.6667	3.096e5
1072.6735	3.355e5
1072.6802	3.675e5
1072.6869	4.152e5
1072.6935	4.974e5
1072.7002	5.978e5
1072.7069	7.170e5
1072.7136	8.682e5
1072.7203	1.062e6
1072.7271	1.184e6
1072.7338	1.302e6
1072.7405	1.446e6
1072.7472	1.608e6
1072.7538	2.001e6
1072.7605	2.651e6
1072.7673	3.918e6
1072.7740	5.938e6
1072.7808	9.857e6
1072.7875	1.536e7
1072.7942	2.153e7
1072.8009	2.601e7
1072.8076	2.565e7
1072.8142	2.095e7
1072.8209	1.472e7
1072.8276	8.956e6
1072.8344	5.562e6
1072.8411	3.242e6
1072.8478	2.262e6
1072.8545	1.453e6
1072.8612	1.109e6
1072.8679	8.536e5
1072.8746	7.299e5
1072.8812	5.793e5
1072.8879	4.766e5
1072.8947	3.691e5
1072.9014	3.038e5
1072.9081	2.549e5
1072.9148	2.367e5
1072.9215	1.987e5
1072.9282	1.983e5
1072.9349	1.886e5
1072.9417	1.966e5
1072.9482	2.076e5
1072.9550	2.082e5
1072.9617	2.180e5
1072.9684	2.412e5
1072.9751	2.453e5
1072.9818	2.559e5
1072.9885	2.500e5
1072.9952	2.630e5
1073.0020	2.685e5
1073.0085	2.781e5
1073.0153	2.664e5
1073.0220	3.013e5
1073.0287	3.595e5
1073.0354	4.219e5
1073.0421	4.931e5
1073.0488	6.128e5
1073.0555	7.381e5
1073.0623	8.361e5
1073.0690	9.472e5
1073.0756	1.105e6
1073.0823	1.315e6
1073.0890	1.644e6
1073.0957	2.167e6
1073.1024	3.194e6
1073.1091	4.589e6
1073.1158	6.856e6
1073.1226	9.426e6
1073.1293	1.216e7
1073.1360	1.320e7
1073.1427	1.315e7
1073.1493	1.068e7
1073.1560	8.226e6
1073.1627	5.393e6
1073.1694	3.677e6
1073.1761	2.308e6
1073.1829	1.655e6
1073.1896	1.106e6
1073.1963	8.275e5
1073.2030	6.191e5
1073.2097	5.113e5
1073.2163	4.188e5
1073.2230	3.418e5
1073.2297	2.721e5
1073.2365	2.303e5
1073.2432	1.894e5
1073.2500	1.825e5
1073.2567	1.489e5
1073.2634	1.500e5
1073.2701	1.383e5
1073.2769	1.442e5
1073.2836	1.234e5
1073.2902	1.287e5
1073.2969	1.234e5
1073.3036	1.250e5
1073.3103	1.229e5
1073.3170	1.280e5
1073.3237	1.265e5
1073.3304	1.342e5
1073.3372	1.374e5
1073.3439	1.552e5
1073.3506	1.619e5
1073.3572	1.766e5
1073.3639	2.089e5
1073.3706	2.442e5
1073.3773	2.932e5
1073.3840	3.430e5
1073.3907	4.147e5
1073.3975	5.219e5
1073.4042	6.234e5
1073.4109	7.298e5
1073.4176	8.849e5
1073.4243	1.158e6
1073.4309	1.471e6
1073.4376	2.052e6
1073.4443	2.671e6
1073.4510	3.677e6
1073.4578	4.476e6
1073.4645	5.417e6
1073.4712	5.607e6
1073.4779	5.606e6
1073.4846	4.628e6
1073.4913	3.773e6
1073.4980	2.683e6
1073.5048	1.974e6
1073.5114	1.335e6
1073.5181	9.680e5
1073.5248	6.650e5
1073.5315	5.185e5
1073.5382	3.749e5
1073.5449	2.948e5
1073.5516	2.149e5
1073.5583	1.822e5
1073.5651	1.363e5
1073.5718	1.159e5
1073.5785	9.416e4
1073.5851	9.632e4
1073.5918	9.030e4
1073.5985	8.401e4
1073.6052	8.214e4
1073.6119	8.257e4
1073.6187	7.301e4
1073.6254	7.710e4
1073.6321	8.042e4
1073.6388	8.137e4
1073.6455	7.023e4
1073.6522	7.531e4
1073.6589	7.841e4
1073.6655	9.072e4
1073.6722	8.901e4
1073.6790	8.960e4
1073.6857	1.076e5
1073.6924	1.158e5
1073.6991	1.347e5
1073.7058	1.509e5
1073.7125	1.738e5
1073.7192	2.191e5
1073.7260	2.536e5
1073.7328	3.093e5
1073.7395	3.566e5
1073.7461	4.298e5
1073.7528	5.038e5
1073.7595	6.552e5
1073.7662	7.988e5
1073.7729	1.036e6
1073.7797	1.299e6
1073.7864	1.685e6
1073.7931	1.925e6
1073.7998	2.166e6
1073.8065	2.213e6
1073.8132	2.209e6
1073.8199	1.851e6
1073.8265	1.587e6
1073.8333	1.197e6
1073.8400	9.285e5
1073.8467	6.693e5
1073.8534	5.109e5
1073.8601	3.603e5
1073.8668	2.658e5
1073.8735	1.900e5
1073.8802	1.488e5
1073.8870	1.236e5
1073.8937	1.135e5
1073.9004	8.406e4
1073.9071	8.415e4
1073.9137	7.375e4
1073.9204	7.499e4
1073.9271	7.012e4
1073.9338	7.676e4
1073.9406	7.581e4
1073.9473	7.846e4
1073.9540	7.105e4
1073.9607	8.095e4
1073.9674	7.410e4
1073.9741	8.573e4
1073.9808	7.939e4
1073.9875	8.297e4
1073.9943	7.966e4
1074.0009	7.856e4
1074.0076	7.127e4
1074.0143	7.429e4
1074.0210	8.441e4
1074.0277	9.326e4
1074.0344	9.590e4
1074.0411	1.138e5
1074.0479	1.243e5
1074.0546	1.420e5
1074.0613	1.459e5
1074.0680	1.867e5
1074.0747	2.071e5
1074.0814	2.543e5
1074.0880	2.912e5
1074.0947	3.477e5
1074.1014	4.200e5
1074.1082	5.452e5
1074.1149	6.349e5
1074.1216	7.790e5
1074.1283	8.529e5
1074.1350	9.377e5
1074.1417	9.244e5
1074.1484	9.285e5
1074.1552	7.901e5
1074.1619	7.100e5
1074.1686	5.611e5
1074.1753	4.573e5
1074.1819	3.284e5
1074.1886	2.780e5
1074.1953	2.116e5
1074.2020	1.642e5
1074.2089	1.319e5
1074.2156	1.107e5
1074.2223	8.642e4
1074.2290	8.146e4
1074.2357	7.608e4
1074.2424	7.197e4
1074.2491	6.574e4
1074.2559	7.692e4
1074.2626	7.962e4
1074.2693	8.372e4
1074.2760	7.325e4
1074.2826	7.843e4
1074.2893	7.004e4
1074.2960	7.386e4
1074.3027	7.174e4
1074.3094	8.190e4
1074.3162	7.120e4
1074.3229	7.120e4
1074.3296	7.720e4
1074.3363	8.046e4
1074.3430	7.292e4
1074.3497	7.118e4
1074.3564	6.864e4
1074.3632	8.409e4
1074.3699	8.404e4
1074.3766	9.030e4
1074.3832	9.249e4
1074.3899	1.037e5
1074.3966	1.116e5
1074.4033	1.223e5
1074.4100	1.313e5
1074.4167	1.591e5
1074.4235	1.747e5
1074.4302	2.084e5
1074.4369	2.379e5
1074.4436	2.964e5
1074.4503	3.279e5
1074.4570	3.884e5
1074.4637	3.973e5
1074.4705	4.578e5
1074.4772	4.573e5
1074.4838	4.584e5
1074.4905	4.042e5
1074.4972	3.694e5
1074.5039	3.004e5
1074.5106	2.638e5
1074.5173	2.087e5
1074.5240	1.746e5
1074.5308	1.425e5
1074.5375	1.293e5
1074.5442	1.139e5
1074.5509	9.131e4
1074.5576	8.309e4
1074.5643	8.149e4
1074.5710	7.866e4
1074.5778	8.387e4
1074.5845	7.788e4
1074.5911	7.748e4
1074.5978	8.015e4
1074.6045	8.782e4
1074.6112	7.801e4
1074.6179	7.407e4
1074.6246	9.396e4
1074.6313	8.977e4
1074.6381	8.281e4
1074.6448	8.681e4
1074.6515	7.540e4
1074.6582	8.266e4
1074.6649	6.688e4
1074.6716	6.999e4
1074.6783	6.722e4
1074.6851	6.747e4
1074.6919	6.311e4
1074.6986	7.027e4
1074.7052	6.787e4
1074.7119	7.636e4
1074.7186	7.813e4
1074.7253	9.000e4
1074.7321	8.765e4
1074.7388	9.243e4
1074.7455	9.676e4
1074.7522	9.990e4
1074.7589	1.086e5
1074.7656	1.269e5
1074.7723	1.421e5
1074.7791	1.824e5
1074.7858	1.881e5
1074.7925	2.061e5
1074.7992	2.310e5
1074.8059	2.441e5
1074.8126	2.508e5
1074.8193	2.507e5
1074.8259	2.357e5
1074.8326	2.179e5
1074.8394	1.862e5
1074.8461	1.708e5
1074.8528	1.348e5
1074.8595	1.137e5
1074.8662	1.002e5
1074.8729	9.395e4
1074.8796	7.163e4
1074.8864	7.662e4
1074.8931	7.104e4
1074.8998	7.612e4
1074.9065	7.133e4
1074.9132	6.112e4
1074.9199	7.064e4
1074.9266	6.708e4
1074.9333	6.450e4
1074.9401	7.054e4
1074.9468	7.301e4
1074.9534	7.017e4
1074.9601	7.106e4
1074.9668	7.518e4
1074.9735	7.227e4
1074.9802	7.033e4
1074.9869	7.946e4
1074.9937	8.189e4
1075.0004	7.109e4
1075.0071	7.604e4
1075.0138	6.843e4
1075.0205	6.284e4
1075.0272	5.554e4
1075.0339	6.405e4
1075.0406	6.239e4
1075.0474	7.488e4
1075.0541	6.677e4
1075.0608	6.875e4
1075.0675	7.238e4
1075.0742	7.354e4
1075.0809	8.510e4
1075.0876	8.569e4
1075.0942	9.204e4
1075.1010	9.785e4
1075.1077	9.972e4
1075.1144	1.135e5
1075.1211	1.210e5
1075.1278	1.484e5
1075.1345	1.318e5
1075.1412	1.423e5
1075.1479	1.497e5
1075.1547	1.472e5
1075.1614	1.350e5
1075.1681	1.280e5
1075.1749	1.200e5
1075.1816	1.051e5
1075.1884	9.873e4
1075.1951	8.800e4
1075.2018	8.258e4
1075.2085	7.523e4
1075.2152	7.619e4
1075.2219	7.831e4
1075.2286	6.673e4
1075.2352	7.446e4
1075.2419	5.953e4
1075.2487	5.965e4
1075.2554	5.847e4
1075.2621	6.849e4
1075.2688	5.676e4
1075.2755	5.344e4
1075.2822	4.935e4
1075.2889	5.853e4
1075.2957	5.294e4
1075.3024	6.973e4
1075.3091	6.054e4
1075.3158	6.144e4
1075.3225	5.578e4
1075.3292	5.912e4
1075.3359	5.630e4
1075.3427	6.335e4
1075.3494	5.081e4
1075.3561	5.555e4
1075.3628	5.500e4
1075.3695	5.540e4
1075.3762	5.143e4
1075.3829	5.654e4
1075.3896	6.104e4
1075.3962	6.062e4
1075.4030	6.485e4
1075.4097	6.183e4
1075.4164	6.175e4
1075.4231	7.730e4
1075.4298	6.814e4
1075.4365	8.348e4
1075.4432	7.454e4
1075.4500	8.580e4
1075.4567	8.869e4
1075.4634	9.658e4
1075.4701	9.415e4
1075.4768	1.026e5
1075.4835	9.796e4
1075.4902	1.075e5
1075.4969	9.229e4
1075.5037	9.516e4
1075.5104	8.456e4
1075.5171	7.880e4
1075.5238	7.063e4
1075.5305	8.531e4
1075.5372	6.209e4
1075.5439	6.776e4
1075.5507	6.214e4
1075.5574	6.775e4
1075.5641	6.537e4
1075.5708	6.750e4
1075.5774	6.070e4
1075.5841	6.411e4
1075.5908	5.678e4
1075.5975	6.081e4
1075.6042	6.034e4
1075.6110	5.619e4
1075.6177	5.759e4
1075.6244	6.146e4
1075.6311	5.824e4
1075.6378	6.285e4
1075.6445	6.082e4
1075.6512	6.013e4
1075.6581	5.491e4
1075.6648	6.490e4
1075.6715	6.389e4
1075.6782	7.868e4
1075.6849	7.386e4
1075.6917	7.966e4
1075.6984	8.440e4
1075.7051	1.034e5
1075.7118	1.121e5
1075.7185	1.138e5
1075.7252	1.382e5
1075.7319	1.547e5
1075.7386	1.544e5
1075.7454	1.681e5
1075.7521	1.614e5
1075.7588	1.587e5
1075.7655	1.534e5
1075.7722	1.632e5
1075.7789	1.509e5
1075.7855	1.577e5
1075.7922	1.538e5
1075.7990	1.560e5
1075.8057	1.487e5
1075.8124	1.518e5
1075.8191	1.385e5
1075.8258	1.293e5
1075.8325	1.140e5
1075.8392	1.129e5
1075.8459	1.031e5
1075.8527	8.698e4
1075.8594	8.280e4
1075.8661	7.999e4
1075.8728	7.126e4
1075.8795	7.458e4
1075.8862	7.590e4
1075.8929	7.129e4
1075.8997	7.430e4
1075.9064	8.375e4
1075.9131	8.428e4
1075.9198	9.164e4
1075.9265	9.419e4
1075.9332	1.085e5
1075.9399	1.167e5
1075.9467	1.291e5
1075.9534	1.512e5
1075.9601	1.828e5
1075.9668	2.010e5
1075.9735	2.275e5
1075.9802	2.475e5
1075.9869	2.685e5
1075.9937	2.644e5
1076.0004	2.581e5
1076.0071	2.342e5
1076.0138	2.245e5
1076.0205	1.846e5
1076.0272	1.583e5
1076.0338	1.360e5
1076.0405	1.224e5
1076.0472	1.063e5
1076.0540	1.135e5
1076.0607	9.915e4
1076.0674	9.095e4
1076.0741	9.851e4
1076.0808	1.216e5
1076.0875	1.209e5
1076.0942	1.288e5
1076.1010	1.293e5
1076.1077	1.551e5
1076.1144	1.630e5
1076.1211	1.913e5
1076.1278	1.934e5
1076.1346	2.016e5
1076.1414	2.078e5
1076.1481	2.232e5
1076.1548	1.997e5
1076.1615	2.033e5
1076.1682	1.835e5
1076.1749	1.900e5
1076.1816	1.718e5
1076.1884	1.807e5
1076.1951	1.856e5
1076.2018	2.131e5
1076.2085	2.258e5
1076.2152	2.604e5
1076.2219	2.882e5
1076.2286	3.144e5
1076.2354	3.284e5
1076.2421	3.654e5
1076.2488	3.442e5
1076.2555	3.262e5
1076.2622	2.813e5
1076.2689	2.781e5
1076.2756	2.326e5
1076.2823	2.168e5
1076.2891	1.888e5
1076.2958	1.778e5
1076.3025	1.728e5
1076.3092	1.832e5
1076.3159	1.935e5
1076.3226	2.160e5
1076.3293	2.439e5
1076.3361	2.548e5
1076.3428	2.837e5
1076.3495	3.424e5
1076.3562	4.048e5
1076.3629	4.666e5
1076.3696	5.661e5
1076.3763	6.578e5
1076.3831	7.567e5
1076.3896	8.927e5
1076.3964	1.024e6
1076.4031	1.180e6
1076.4098	1.354e6
1076.4165	1.630e6
1076.4232	2.040e6
1076.4299	2.875e6
1076.4366	3.820e6
1076.4434	5.816e6
1076.4501	8.233e6
1076.4568	1.197e7
1076.4635	1.495e7
1076.4702	1.770e7
1076.4769	1.726e7
1076.4836	1.603e7
1076.4904	1.218e7
1076.4971	9.208e6
1076.5038	5.905e6
1076.5105	4.191e6
1076.5172	2.664e6
1076.5239	1.975e6
1076.5306	1.320e6
1076.5374	1.045e6
1076.5441	7.864e5
1076.5508	6.058e5
1076.5575	4.470e5
1076.5642	3.412e5
1076.5709	2.894e5
1076.5776	2.273e5
1076.5844	1.941e5
1076.5911	1.967e5
1076.5978	2.004e5
1076.6045	1.937e5
1076.6112	1.926e5
1076.6180	2.038e5
1076.6248	2.144e5
1076.6315	2.245e5
1076.6382	2.433e5
1076.6449	2.641e5
1076.6516	2.950e5
1076.6583	3.165e5
1076.6650	3.561e5
1076.6718	4.101e5
1076.6785	4.549e5
1076.6852	5.316e5
1076.6919	6.225e5
1076.6986	7.206e5
1076.7053	8.506e5
1076.7120	1.014e6
1076.7188	1.195e6
1076.7255	1.347e6
1076.7322	1.540e6
1076.7389	1.643e6
1076.7456	1.813e6
1076.7523	2.049e6
1076.7590	2.489e6
1076.7657	3.566e6
1076.7725	5.439e6
1076.7792	9.005e6
1076.7859	1.426e7
1076.7926	2.169e7
1076.7993	2.922e7
1076.8060	3.370e7
1076.8127	3.251e7
1076.8195	2.669e7
1076.8262	1.835e7
1076.8329	1.194e7
1076.8396	6.960e6
1076.8463	4.338e6
1076.8530	2.566e6
1076.8597	1.902e6
1076.8665	1.369e6
1076.8732	1.117e6
1076.8799	8.767e5
1076.8866	7.033e5
1076.8933	5.625e5
1076.9000	4.527e5
1076.9067	3.423e5
1076.9135	2.820e5
1076.9202	2.674e5
1076.9269	2.350e5
1076.9336	2.266e5
1076.9403	2.421e5
1076.9470	2.525e5
1076.9537	2.677e5
1076.9604	2.910e5
1076.9672	3.181e5
1076.9739	3.397e5
1076.9806	3.877e5
1076.9873	3.914e5
1076.9940	4.208e5
1077.0007	4.306e5
1077.0074	4.854e5
1077.0142	5.182e5
1077.0209	5.440e5
1077.0276	6.409e5
1077.0343	7.189e5
1077.0410	8.235e5
1077.0477	9.776e5
1077.0544	1.150e6
1077.0612	1.302e6
1077.0679	1.457e6
1077.0746	1.569e6
1077.0813	1.733e6
1077.0880	2.085e6
1077.0947	2.588e6
1077.1016	3.868e6
1077.1083	6.068e6
1077.1150	1.024e7
1077.1217	1.611e7
1077.1284	2.436e7
1077.1351	3.121e7
1077.1418	3.422e7
1077.1486	3.139e7
1077.1553	2.488e7
1077.1620	1.634e7
1077.1687	1.035e7
1077.1754	5.767e6
1077.1821	3.664e6
1077.1888	2.253e6
1077.1956	1.683e6
1077.2023	1.268e6
1077.2090	1.056e6
1077.2157	8.617e5
1077.2224	7.355e5
1077.2291	5.684e5
1077.2358	4.704e5
1077.2426	3.674e5
1077.2493	3.172e5
1077.2560	2.715e5
1077.2627	2.583e5
1077.2694	2.360e5
1077.2761	2.256e5
1077.2828	2.262e5
1077.2896	2.425e5
1077.2963	2.293e5
1077.3030	2.394e5
1077.3097	2.472e5
1077.3164	2.621e5
1077.3231	2.663e5
1077.3298	2.785e5
1077.3365	2.933e5
1077.3433	3.153e5
1077.3500	3.650e5
1077.3567	4.062e5
1077.3634	4.779e5
1077.3701	5.681e5
1077.3768	6.937e5
1077.3835	8.282e5
1077.3903	9.790e5
1077.3970	1.154e6
1077.4037	1.316e6
1077.4104	1.457e6
1077.4171	1.665e6
1077.4238	2.038e6
1077.4305	2.714e6
1077.4373	4.077e6
1077.4440	5.960e6
1077.4507	9.582e6
1077.4574	1.386e7
1077.4641	1.899e7
1077.4708	2.222e7
1077.4775	2.352e7
1077.4843	2.028e7
1077.4910	1.611e7
1077.4977	1.075e7
1077.5044	7.275e6
1077.5111	4.377e6
1077.5179	2.961e6
1077.5247	1.824e6
1077.5314	1.385e6
1077.5381	1.023e6
1077.5448	8.362e5
1077.5515	6.402e5
1077.5582	5.231e5
1077.5649	4.243e5
1077.5717	3.258e5
1077.5785	2.671e5
1077.5852	2.283e5
1077.5919	1.834e5
1077.5986	1.782e5
1077.6053	1.736e5
1077.6121	1.734e5
1077.6188	1.691e5
1077.6255	1.635e5
1077.6322	1.721e5
1077.6389	1.666e5
1077.6456	1.743e5
1077.6523	1.887e5
1077.6591	1.836e5
1077.6658	2.007e5
1077.6725	1.997e5
1077.6792	2.419e5
1077.6859	2.418e5
1077.6926	2.974e5
1077.6993	3.484e5
1077.7061	3.968e5
1077.7128	5.057e5
1077.7195	6.075e5
1077.7262	7.203e5
1077.7329	8.659e5
1077.7396	9.963e5
1077.7463	1.200e6
1077.7531	1.403e6
1077.7598	1.859e6
1077.7665	2.371e6
1077.7732	3.434e6
1077.7799	4.635e6
1077.7866	6.752e6
1077.7933	8.658e6
1077.8000	1.110e7
1077.8068	1.186e7
1077.8135	1.224e7
1077.8202	1.036e7
1077.8269	8.575e6
1077.8336	5.835e6
1077.8403	4.308e6
1077.8470	2.739e6
1077.8538	1.978e6
1077.8605	1.295e6
1077.8672	9.818e5
1077.8740	6.882e5
1077.8807	5.271e5
1077.8875	4.024e5
1077.8942	3.306e5
1077.9009	2.469e5
1077.9076	2.069e5
1077.9143	1.635e5
1077.9210	1.566e5
1077.9277	1.309e5
1077.9344	1.218e5
1077.9412	1.204e5
1077.9479	1.251e5
1077.9546	1.049e5
1077.9613	1.104e5
1077.9680	1.114e5
1077.9747	1.301e5
1077.9814	1.213e5
1077.9882	1.307e5
1077.9949	1.334e5
1078.0016	1.465e5
1078.0083	1.472e5
1078.0150	1.664e5
1078.0217	1.668e5
1078.0284	1.974e5
1078.0352	2.137e5
1078.0419	2.663e5
1078.0486	3.107e5
1078.0553	3.858e5
1078.0621	4.585e5
1078.0688	5.665e5
1078.0756	6.496e5
1078.0823	8.195e5
1078.0890	9.887e5
1078.0957	1.271e6
1078.1024	1.629e6
1078.1091	2.216e6
1078.1158	2.805e6
1078.1227	3.715e6
1078.1294	4.356e6
1078.1361	5.285e6
1078.1428	5.253e6
1078.1495	5.323e6
1078.1563	4.598e6
1078.1630	3.887e6
1078.1697	2.851e6
1078.1764	2.174e6
1078.1831	1.533e6
1078.1898	1.163e6
1078.1965	7.562e5
1078.2032	5.578e5
1078.2100	4.125e5
1078.2167	3.209e5
1078.2234	2.413e5
1078.2301	1.975e5
1078.2368	1.480e5
1078.2435	1.304e5
1078.2502	1.085e5
1078.2570	1.044e5
1078.2637	9.852e4
1078.2704	9.770e4
1078.2771	8.740e4
1078.2838	8.222e4
1078.2905	7.855e4
1078.2972	8.595e4
1078.3040	7.241e4
1078.3107	7.866e4
1078.3174	8.451e4
1078.3241	9.172e4
1078.3309	8.777e4
1078.3376	9.787e4
1078.3444	9.766e4
1078.3511	1.074e5
1078.3578	1.065e5
1078.3645	1.267e5
1078.3712	1.384e5
1078.3779	1.560e5
1078.3846	1.846e5
1078.3914	2.259e5
1078.3981	2.612e5
1078.4048	3.319e5
1078.4115	3.850e5
1078.4182	4.857e5
1078.4249	5.910e5
1078.4316	7.374e5
1078.4384	9.408e5
1078.4451	1.186e6
1078.4518	1.421e6
1078.4585	1.743e6
1078.4652	1.986e6
1078.4719	2.241e6
1078.4786	2.225e6
1078.4854	2.188e6
1078.4921	1.882e6
1078.4988	1.634e6
1078.5055	1.243e6
1078.5123	9.906e5
1078.5190	7.200e5
1078.5258	5.528e5
1078.5325	3.954e5
1078.5392	3.050e5
1078.5460	2.222e5
1078.5527	1.863e5
1078.5594	1.359e5
1078.5662	1.067e5
1078.5729	9.829e4
1078.5796	8.650e4
1078.5863	7.564e4
1078.5930	8.206e4
1078.5997	7.141e4
1078.6064	8.291e4
1078.6132	6.716e4
1078.6199	6.666e4
1078.6266	6.564e4
1078.6333	6.723e4
1078.6400	6.078e4
1078.6467	7.319e4
1078.6534	6.549e4
1078.6602	7.449e4
1078.6669	6.354e4
1078.6737	7.013e4
1078.6804	6.822e4
1078.6871	8.606e4
1078.6938	9.257e4
1078.7006	9.059e4
1078.7073	8.263e4
1078.7140	1.033e5
1078.7207	1.150e5
1078.7274	1.346e5
1078.7341	1.554e5
1078.7408	1.834e5
1078.7476	2.231e5
1078.7543	2.754e5
1078.7610	3.217e5
1078.7677	3.968e5
1078.7744	4.839e5
1078.7811	5.885e5
1078.7878	6.633e5
1078.7946	8.063e5
1078.8013	8.746e5
1078.8080	9.262e5
1078.8147	9.113e5
1078.8215	8.863e5
1078.8282	7.680e5
1078.8350	6.844e5
1078.8417	5.269e5
1078.8484	4.488e5
1078.8551	3.338e5
1078.8618	2.655e5
1078.8685	1.853e5
1078.8752	1.516e5
1078.8820	1.130e5
1078.8887	1.001e5
1078.8954	8.916e4
1078.9021	8.012e4
1078.9088	7.148e4
1078.9155	7.389e4
1078.9222	6.328e4
1078.9290	6.693e4
1078.9357	6.516e4
1078.9424	5.421e4
1078.9491	6.501e4
1078.9559	6.976e4
1078.9626	6.322e4
1078.9694	6.064e4
1078.9761	6.132e4
1078.9828	6.719e4
1078.9895	6.218e4
1078.9962	6.376e4
1079.0029	6.288e4
1079.0096	6.805e4
1079.0164	7.103e4
1079.0232	7.987e4
1079.0299	7.006e4
1079.0366	7.806e4
1079.0433	8.459e4
1079.0500	8.473e4
1079.0568	8.274e4
1079.0635	1.081e5
1079.0702	1.173e5
1079.0769	1.265e5
1079.0837	1.495e5
1079.0905	1.701e5
1079.0972	1.923e5
1079.1039	2.133e5
1079.1106	2.546e5
1079.1173	3.033e5
1079.1240	3.265e5
1079.1307	3.737e5
1079.1375	4.018e5
1079.1442	4.016e5
1079.1509	3.959e5
1079.1576	3.966e5
1079.1643	3.210e5
1079.1710	2.831e5
1079.1777	2.280e5
1079.1844	2.038e5
1079.1912	1.599e5
1079.1979	1.370e5
1079.2047	1.096e5
1079.2114	1.035e5
1079.2181	8.804e4
1079.2249	8.456e4
1079.2316	7.090e4
1079.2383	6.799e4
1079.2450	6.085e4
1079.2517	6.288e4
1079.2584	5.727e4
1079.2651	6.264e4
1079.2719	6.494e4
1079.2786	5.995e4
1079.2853	5.676e4
1079.2920	6.380e4
1079.2987	5.969e4
1079.3054	5.674e4
1079.3121	5.199e4
1079.3190	5.402e4
1079.3257	5.567e4
1079.3324	5.960e4
1079.3391	5.616e4
1079.3458	6.099e4
1079.3525	6.037e4
1079.3593	7.491e4
1079.3660	6.566e4
1079.3727	6.867e4
1079.3794	6.815e4
1079.3861	7.637e4
1079.3928	7.582e4
1079.3995	8.040e4
1079.4063	8.479e4
1079.4130	9.126e4
1079.4197	1.034e5
1079.4265	1.224e5
1079.4332	1.334e5
1079.4399	1.565e5
1079.4467	1.619e5
1079.4534	1.909e5
1079.4601	2.042e5
1079.4668	2.154e5
1079.4735	2.142e5
1079.4802	2.114e5
1079.4869	1.914e5
1079.4937	1.846e5
1079.5004	1.623e5
1079.5072	1.399e5
1079.5139	1.187e5
1079.5206	1.090e5
1079.5273	9.321e4
1079.5342	8.226e4
1079.5409	6.695e4
1079.5476	7.017e4
1079.5543	6.513e4
1079.5610	5.867e4
1079.5677	5.086e4
1079.5745	5.689e4
1079.5812	6.079e4
1079.5879	5.420e4
1079.5946	4.988e4
1079.6013	5.210e4
1079.6080	4.762e4
1079.6147	5.160e4
1079.6215	5.167e4
1079.6283	4.831e4
1079.6350	4.462e4
1079.6417	4.585e4
1079.6484	4.231e4
1079.6552	4.612e4
1079.6619	4.170e4
1079.6686	4.720e4
1079.6753	5.284e4
1079.6820	5.956e4
1079.6887	5.073e4
1079.6954	5.334e4
1079.7021	5.469e4
1079.7089	5.739e4
1079.7156	6.348e4
1079.7223	6.961e4
1079.7291	6.130e4
1079.7358	6.778e4
1079.7426	7.165e4
1079.7493	8.846e4
1079.7560	9.552e4
1079.7627	1.027e5
1079.7694	1.087e5
1079.7761	1.238e5
1079.7828	1.401e5
1079.7896	1.549e5
1079.7963	1.537e5
1079.8030	1.487e5
1079.8097	1.523e5
1079.8164	1.528e5
1079.8232	1.253e5
1079.8300	1.295e5
1079.8367	1.016e5
1079.8434	9.435e4
1079.8501	7.867e4
1079.8568	6.827e4
1079.8635	6.499e4
1079.8702	6.123e4
1079.8770	5.442e4
1079.8837	5.101e4
1079.8904	5.363e4
1079.8971	5.083e4
1079.9038	4.193e4
1079.9106	4.939e4
1079.9174	5.016e4
1079.9241	4.741e4
1079.9308	4.863e4
1079.9375	5.038e4
1079.9442	5.000e4
1079.9509	5.044e4
1079.9576	5.110e4
1079.9644	5.672e4
1079.9711	5.744e4
1079.9778	5.731e4
1079.9846	5.760e4
1079.9913	7.286e4
1079.9982	6.681e4
1080.0049	5.833e4
1080.0116	6.155e4
1080.0183	7.852e4
1080.0250	6.885e4
1080.0317	7.824e4
1080.0385	9.173e4
1080.0452	1.006e5
1080.0519	1.096e5
1080.0586	1.258e5
1080.0653	1.421e5
1080.0720	1.650e5
1080.0787	1.911e5
1080.0856	2.357e5
1080.0923	2.912e5
1080.0990	3.556e5
1080.1057	4.514e5
1080.1124	5.630e5
1080.1191	6.842e5
1080.1259	8.579e5
1080.1326	1.015e6
1080.1393	1.218e6
1080.1460	1.365e6
1080.1527	1.477e6
1080.1594	1.467e6
1080.1663	1.430e6
1080.1730	1.278e6
1080.1797	1.128e6
1080.1864	9.099e5
1080.1931	7.249e5
1080.1998	5.036e5
1080.2065	3.988e5
1080.2133	3.004e5
1080.2200	2.291e5
1080.2267	1.669e5
1080.2334	1.192e5
1080.2401	9.336e4
1080.2469	8.502e4
1080.2537	7.436e4
1080.2604	6.781e4
1080.2671	6.010e4
1080.2738	6.337e4
1080.2805	5.163e4
1080.2872	6.385e4
1080.2939	5.402e4
1080.3007	5.544e4
1080.3074	5.352e4
1080.3141	6.012e4
1080.3208	5.605e4
1080.3276	6.429e4
1080.3344	6.744e4
1080.3411	7.615e4
1080.3478	6.372e4
1080.3545	7.544e4
1080.3612	9.404e4
1080.3679	9.664e4
1080.3746	1.110e5
1080.3813	1.315e5
1080.3881	1.544e5
1080.3948	1.702e5
1080.4015	1.971e5
1080.4083	2.456e5
1080.4150	2.809e5
1080.4218	3.588e5
1080.4285	4.269e5
1080.4352	5.408e5
1080.4419	6.558e5
1080.4486	8.714e5
1080.4553	1.066e6
1080.4620	1.410e6
1080.4689	1.709e6
1080.4756	2.050e6
1080.4824	2.317e6
1080.4891	2.558e6
1080.4958	2.467e6
1080.5026	2.400e6
1080.5093	2.007e6
1080.5160	1.703e6
1080.5227	1.271e6
1080.5294	1.023e6
1080.5361	7.174e5
1080.5428	5.243e5
1080.5496	3.661e5
1080.5564	3.005e5
1080.5631	2.092e5
1080.5698	1.585e5
1080.5765	1.349e5
1080.5833	1.136e5
1080.5900	8.278e4
1080.5967	8.060e4
1080.6034	6.688e4
1080.6101	7.134e4
1080.6168	6.507e4
1080.6235	5.949e4
1080.6304	5.657e4
1080.6371	5.794e4
1080.6438	5.437e4
1080.6505	6.177e4
1080.6572	6.002e4
1080.6639	6.433e4
1080.6707	6.298e4
1080.6774	7.362e4
1080.6841	7.221e4
1080.6908	8.354e4
1080.6976	8.553e4
1080.7043	9.633e4
1080.7111	1.138e5
1080.7178	1.324e5
1080.7245	1.470e5
1080.7312	1.732e5
1080.7379	2.098e5
1080.7446	2.502e5
1080.7513	2.981e5
1080.7581	3.732e5
1080.7648	4.529e5
1080.7716	5.913e5
1080.7783	7.207e5
1080.7850	9.620e5
1080.7917	1.150e6
1080.7985	1.494e6
1080.8052	1.799e6
1080.8119	2.174e6
1080.8186	2.397e6
1080.8253	2.586e6
1080.8320	2.455e6
1080.8389	2.317e6
1080.8456	1.905e6
1080.8523	1.568e6
1080.8590	1.172e6
1080.8657	8.954e5
1080.8724	6.445e5
1080.8792	4.980e5
1080.8859	3.514e5
1080.8926	2.644e5
1080.8993	1.883e5
1080.9061	1.446e5
1080.9128	1.110e5
1080.9196	9.315e4
1080.9263	8.285e4
1080.9330	7.147e4
1080.9397	5.868e4
1080.9465	7.118e4
1080.9532	6.378e4
1080.9600	6.875e4
1080.9667	6.101e4
1080.9735	6.053e4
1080.9802	6.054e4
1080.9869	6.829e4
1080.9937	6.422e4
1081.0004	7.200e4
1081.0071	7.673e4
1081.0138	6.941e4
1081.0205	6.572e4
1081.0272	7.521e4
1081.0341	8.133e4
1081.0408	9.863e4
1081.0475	1.068e5
1081.0542	1.117e5
1081.0609	1.336e5
1081.0676	1.641e5
1081.0743	1.862e5
1081.0811	2.250e5
1081.0878	2.621e5
1081.0945	3.374e5
1081.1013	4.168e5
1081.1080	5.278e5
1081.1147	6.379e5
1081.1215	8.266e5
1081.1282	1.000e6
1081.1349	1.263e6
1081.1416	1.494e6
1081.1483	1.784e6
1081.1550	1.845e6
1081.1619	1.911e6
1081.1686	1.752e6
1081.1753	1.659e6
1081.1820	1.332e6
1081.1887	1.092e6
1081.1954	8.182e5
1081.2021	6.441e5
1081.2089	4.961e5
1081.2156	3.533e5
1081.2224	2.507e5
1081.2291	2.147e5
1081.2358	1.574e5
1081.2426	1.262e5
1081.2493	9.319e4
1081.2560	8.501e4
1081.2627	6.900e4
1081.2694	6.915e4
1081.2761	6.370e4
1081.2828	6.698e4
1081.2897	5.837e4
1081.2964	5.830e4
1081.3031	6.033e4
1081.3098	4.991e4
1081.3165	5.635e4
1081.3232	6.128e4
1081.3300	6.078e4
1081.3367	5.535e4
1081.3434	5.192e4
1081.3502	6.845e4
1081.3569	7.163e4
1081.3636	6.649e4
1081.3704	6.317e4
1081.3771	7.843e4
1081.3838	8.905e4
1081.3905	1.044e5
1081.3972	1.141e5
1081.4041	1.307e5
1081.4108	1.554e5
1081.4175	1.767e5
1081.4242	2.023e5
1081.4310	2.610e5
1081.4377	3.152e5
1081.4445	3.951e5
1081.4512	5.018e5
1081.4579	6.060e5
1081.4647	7.054e5
1081.4714	8.800e5
1081.4781	9.895e5
1081.4849	1.127e6
1081.4916	1.127e6
1081.4983	1.136e6
1081.5050	9.964e5
1081.5117	9.138e5
1081.5184	7.569e5
1081.5253	6.373e5
1081.5320	4.606e5
1081.5387	3.816e5
1081.5454	2.841e5
1081.5521	2.206e5
1081.5588	1.646e5
1081.5656	1.393e5
1081.5723	9.459e4
1081.5791	8.636e4
1081.5858	6.634e4
1081.5925	6.690e4
1081.5992	6.091e4
1081.6060	5.219e4
1081.6127	5.082e4
1081.6194	5.454e4
1081.6261	4.662e4
1081.6328	4.972e4
1081.6396	4.809e4
1081.6464	5.229e4
1081.6531	4.966e4
1081.6598	5.004e4
1081.6665	4.729e4
1081.6732	5.057e4
1081.6799	5.332e4
1081.6866	5.208e4
1081.6935	5.194e4
1081.7002	5.820e4
1081.7069	6.086e4
1081.7136	7.769e4
1081.7203	7.860e4
1081.7271	8.699e4
1081.7338	1.026e5
1081.7405	1.189e5
1081.7473	1.332e5
1081.7540	1.785e5
1081.7607	2.036e5
1081.7675	2.498e5
1081.7742	2.887e5
1081.7809	3.341e5
1081.7876	4.127e5
1081.7943	4.918e5
1081.8011	5.523e5
1081.8079	6.326e5
1081.8146	6.456e5
1081.8213	7.003e5
1081.8280	6.975e5
1081.8347	6.318e5
1081.8414	5.728e5
1081.8481	4.857e5
1081.8550	3.966e5
1081.8617	3.351e5
1081.8684	2.426e5
1081.8751	2.066e5
1081.8818	1.543e5
1081.8885	1.265e5
1081.8953	9.456e4
1081.9020	7.644e4
1081.9089	7.263e4
1081.9156	6.212e4
1081.9224	5.165e4
1081.9291	5.805e4
1081.9358	5.156e4
1081.9425	5.153e4
1081.9492	5.043e4
1081.9559	5.398e4
1081.9628	4.353e4
1081.9695	4.172e4
1081.9762	4.750e4
1081.9829	4.870e4
1081.9896	5.250e4
1081.9963	5.478e4
1082.0031	4.530e4
1082.0098	5.114e4
1082.0166	4.830e4
1082.0233	5.412e4
1082.0300	4.504e4
1082.0367	5.595e4
1082.0435	5.784e4
1082.0502	6.495e4
1082.0569	7.104e4
1082.0636	8.897e4
1082.0704	9.523e4
1082.0771	1.097e5
1082.0839	1.314e5
1082.0906	1.548e5
1082.0973	1.820e5
1082.1040	2.272e5
1082.1107	2.579e5
1082.1176	3.191e5
1082.1243	3.763e5
1082.1310	4.246e5
1082.1377	4.635e5
1082.1444	4.779e5
1082.1511	4.866e5
1082.1578	4.933e5
1082.1646	4.334e5
1082.1714	4.119e5
1082.1781	3.380e5
1082.1848	2.731e5
1082.1915	2.232e5
1082.1982	1.865e5
1082.2050	1.410e5
1082.2117	1.237e5
1082.2185	1.001e5
1082.2252	8.576e4
1082.2319	6.605e4
1082.2386	6.506e4
1082.2454	5.852e4
1082.2521	5.493e4
1082.2588	4.977e4
1082.2655	4.951e4
1082.2723	4.134e4
1082.2791	4.149e4
1082.2858	4.471e4
1082.2925	3.937e4
1082.2992	3.926e4
1082.3059	4.705e4
1082.3126	3.996e4
1082.3195	4.713e4
1082.3262	4.055e4
1082.3329	4.830e4
1082.3396	4.149e4
1082.3463	4.333e4
1082.3530	4.597e4
1082.3597	4.632e4
1082.3666	4.979e4
1082.3733	6.090e4
1082.3800	5.930e4
1082.3868	6.365e4
1082.3936	7.366e4
1082.4003	9.110e4
1082.4070	8.544e4
1082.4137	1.001e5
1082.4205	1.145e5
1082.4272	1.426e5
1082.4340	1.784e5
1082.4407	2.072e5
1082.4474	2.390e5
1082.4541	2.841e5
1082.4608	3.175e5
1082.4677	3.552e5
1082.4744	3.493e5
1082.4811	3.651e5
1082.4878	3.559e5
1082.4945	3.247e5
1082.5012	2.875e5
1082.5079	2.505e5
1082.5148	2.132e5
1082.5215	1.807e5
1082.5282	1.506e5
1082.5349	1.260e5
1082.5416	9.243e4
1082.5483	8.427e4
1082.5551	6.543e4
1082.5619	6.013e4
1082.5686	4.922e4
1082.5753	5.189e4
1082.5820	4.567e4
1082.5887	4.209e4
1082.5955	4.598e4
1082.6022	5.065e4
1082.6090	4.617e4
1082.6157	4.112e4
1082.6224	3.698e4
1082.6292	4.076e4
1082.6359	3.889e4
1082.6426	3.847e4
1082.6493	3.722e4
1082.6561	4.137e4
1082.6628	3.743e4
1082.6696	4.216e4
1082.6763	4.025e4
1082.6830	4.118e4
1082.6897	4.247e4
1082.6964	4.766e4
1082.7032	4.813e4
1082.7100	5.325e4
1082.7167	5.761e4
1082.7234	6.686e4
1082.7301	6.208e4
1082.7368	7.389e4
1082.7437	7.435e4
1082.7504	8.561e4
1082.7571	9.056e4
1082.7638	1.161e5
1082.7705	1.379e5
1082.7772	1.645e5
1082.7839	1.923e5
1082.7908	2.275e5
1082.7975	2.464e5
1082.8042	2.544e5
1082.8109	2.460e5
1082.8176	2.463e5
1082.8243	2.244e5
1082.8311	1.971e5
1082.8379	1.702e5
1082.8446	1.555e5
1082.8513	1.274e5
1082.8580	1.084e5
1082.8647	9.225e4
1082.8716	7.700e4
1082.8783	5.746e4
1082.8851	5.830e4
1082.8918	4.126e4
1082.8986	4.121e4
1082.9053	4.825e4
1082.9120	5.166e4
1082.9187	3.979e4
1082.9255	4.020e4
1082.9323	3.951e4
1082.9390	4.130e4
1082.9457	3.879e4
1082.9524	4.951e4
1082.9591	4.770e4
1082.9658	4.716e4
1082.9727	4.042e4
1082.9794	4.305e4
1082.9861	4.821e4
1082.9928	5.896e4
1082.9995	4.753e4
1083.0062	5.050e4
1083.0131	5.027e4
1083.0198	4.858e4
1083.0265	4.675e4
1083.0332	3.967e4
1083.0399	4.428e4
1083.0466	5.424e4
1083.0533	5.184e4
1083.0602	5.337e4
1083.0669	5.637e4
1083.0736	6.092e4
1083.0803	6.433e4
1083.0870	7.943e4
1083.0938	9.735e4
1083.1006	1.130e5
1083.1073	1.006e5
1083.1140	1.161e5
1083.1207	1.490e5
1083.1274	1.610e5
1083.1342	1.652e5
1083.1410	1.775e5
1083.1477	1.758e5
1083.1544	1.722e5
1083.1611	1.606e5
1083.1678	1.431e5
1083.1746	1.237e5
1083.1813	1.110e5
1083.1881	8.611e4
1083.1948	8.587e4
1083.2015	7.621e4
1083.2083	7.799e4
1083.2150	6.637e4
1083.2217	5.999e4
1083.2285	4.988e4
1083.2352	5.053e4
1083.2419	4.895e4
1083.2487	4.355e4
1083.2554	4.018e4
1083.2621	4.654e4
1083.2689	3.958e4
1083.2756	3.847e4
1083.2823	3.515e4
1083.2891	4.835e4
1083.2958	4.070e4
1083.3025	3.973e4
1083.3093	3.592e4
1083.3160	3.579e4
1083.3228	3.712e4
1083.3295	4.091e4
1083.3362	3.314e4
1083.3429	3.522e4
1083.3497	4.355e4
1083.3566	4.531e4
1083.3633	3.692e4
1083.3700	4.356e4
1083.3767	5.260e4
1083.3834	5.567e4
1083.3901	5.695e4
1083.3970	6.247e4
1083.4037	6.895e4
1083.4104	7.769e4
1083.4171	7.479e4
1083.4238	7.833e4
1083.4305	8.913e4
1083.4374	8.920e4
1083.4441	1.009e5
1083.4508	1.134e5
1083.4575	1.165e5
1083.4642	1.154e5
1083.4709	1.212e5
1083.4778	1.163e5
1083.4845	1.059e5
1083.4912	1.112e5
1083.4979	9.467e4
1083.5046	8.394e4
1083.5114	6.885e4
1083.5182	6.680e4
1083.5249	5.517e4
1083.5316	5.564e4
1083.5383	4.846e4
1083.5450	5.050e4
1083.5518	4.766e4
1083.5586	4.741e4
1083.5653	4.225e4
1083.5720	4.672e4
1083.5787	4.673e4
1083.5854	4.998e4
1083.5922	4.955e4
1083.5990	5.060e4
1083.6057	5.345e4
1083.6124	5.458e4
1083.6191	4.648e4
1083.6259	5.378e4
1083.6326	4.681e4
1083.6394	5.134e4
1083.6461	4.169e4
1083.6528	4.426e4
1083.6595	3.709e4
1083.6663	3.722e4
1083.6731	3.405e4
1083.6798	3.213e4
1083.6865	3.752e4
1083.6932	3.898e4
1083.7000	3.386e4
1083.7067	3.904e4
1083.7135	4.547e4
1083.7202	5.151e4
1083.7269	5.335e4
1083.7336	5.994e4
1083.7404	5.712e4
1083.7471	6.620e4
1083.7539	7.448e4
1083.7606	8.840e4
1083.7673	7.963e4
1083.7740	9.439e4
1083.7808	9.947e4
1083.7875	1.103e5
1083.7943	1.141e5
1083.8010	1.218e5
1083.8077	1.181e5
1083.8145	1.125e5
1083.8212	1.072e5
1083.8281	9.224e4
1083.8348	7.858e4
1083.8416	7.709e4
1083.8483	6.543e4
1083.8550	5.581e4
1083.8617	5.085e4
1083.8685	4.380e4
1083.8752	3.685e4
1083.8820	3.534e4
1083.8887	3.856e4
1083.8954	4.166e4
1083.9021	3.426e4
1083.9089	3.708e4
1083.9156	3.452e4
1083.9224	3.778e4
1083.9291	3.898e4
1083.9358	3.808e4
1083.9426	3.261e4
1083.9493	3.714e4
1083.9561	3.321e4
1083.9628	4.110e4
1083.9695	3.642e4
1083.9762	4.296e4
1083.9830	4.447e4
1083.9897	4.008e4
1083.9965	3.871e4
1084.0032	4.294e4
1084.0099	4.393e4
1084.0166	4.385e4
1084.0234	4.231e4
1084.0302	4.632e4
1084.0369	4.323e4
1084.0436	4.575e4
1084.0503	4.682e4
1084.0571	5.762e4
1084.0638	4.947e4
1084.0706	5.714e4
1084.0773	6.011e4
1084.0840	6.731e4
1084.0907	7.566e4
1084.0975	9.095e4
1084.1042	9.475e4
1084.1110	1.109e5
1084.1177	1.146e5
1084.1244	1.167e5
1084.1312	1.070e5
1084.1379	1.122e5
1084.1447	1.093e5
1084.1514	1.011e5
1084.1581	9.114e4
1084.1648	7.871e4
1084.1716	6.918e4
1084.1783	6.091e4
1084.1851	4.821e4
1084.1918	5.894e4
1084.1985	4.602e4
1084.2053	4.077e4
1084.2120	4.486e4
1084.2188	4.718e4
1084.2255	4.168e4
1084.2322	4.424e4
1084.2390	4.033e4
1084.2457	4.232e4
1084.2524	4.067e4
1084.2592	3.956e4
1084.2659	3.506e4
1084.2726	3.405e4
1084.2794	3.209e4
1084.2861	4.218e4
1084.2928	3.688e4
1084.2996	3.962e4
1084.3063	3.396e4
1084.3132	4.228e4
1084.3199	3.970e4
1084.3267	3.733e4
1084.3334	3.553e4
1084.3401	3.957e4
1084.3469	4.031e4
1084.3536	3.704e4
1084.3604	3.387e4
1084.3671	3.491e4
1084.3738	4.243e4
1084.3805	5.555e4
1084.3873	4.658e4
1084.3940	5.255e4
1084.4008	5.434e4
1084.4075	7.218e4
1084.4142	7.386e4
1084.4210	8.749e4
1084.4277	9.209e4